Date	Qsim	Qobs	Precipitation	Temperature	AET	PET	Snow	Snowcover	SM	Recharge	SUZ	SLZ	Q0	Q1	Q2	Qsim_rain	Qsim_snow
20151001	1.8298917413	1.116	0.0	7.9	2.27	2.27	0.0	0.00	69.7	0.0	3.1	11.3	0.000	0.7152541813	1.11463756	1.830	0.000
20151002	1.2974697932	0.592	0.0	5.9	1.68	1.68	0.0	0.00	68.0	0.0	0.0	13.1	0.000	0.000	1.2974697932	1.297	0.000
20151003	1.1808334127	0.452	0.0	6.2	1.86	1.91	0.0	0.00	66.2	0.0	0.0	12.0	0.000	0.000	1.1808334127	1.181	0.000
20151004	1.0746820896	0.376	0.0	6.4	1.80	1.90	0.0	0.00	64.4	0.0	0.0	10.9	0.000	0.000	1.0746820896	1.075	0.000
20151005	0.9780732669	0.340	0.0	7.3	2.12	2.30	0.0	0.00	62.3	0.0	0.0	9.9	0.000	0.000	0.9780732669	0.978	0.000
20151006	0.8931280839	0.319	0.1	8.6	2.47	2.77	0.0	0.00	59.8	0.0	0.0	9.0	0.000	0.000	0.8931280839	0.893	0.000
20151007	0.8128401053	0.314	0.0	10.8	1.75	2.04	0.0	0.00	58.1	0.0	0.0	8.2	0.000	0.000	0.8128401053	0.813	0.000
20151008	0.7397696351	0.308	0.0	7.1	1.50	1.80	0.0	0.00	56.6	0.0	0.0	7.5	0.000	0.000	0.7397696351	0.740	0.000
20151009	1.3597649701	1.196	17.1	7.1	1.07	1.19	0.0	0.00	67.0	5.7	1.5	10.3	0.000	0.3464075194	1.0133574507	1.360	0.000
20151010	1.0693285369	0.728	0.3	4.9	1.99	2.07	0.0	0.00	65.2	0.1	0.0	10.8	0.000	0.000	1.0693285369	1.069	0.000
20151011	0.9732009733	0.533	0.0	9.3	2.02	2.16	0.0	0.00	63.2	0.0	0.0	9.9	0.000	0.000	0.9732009733	0.973	0.000
20151012	0.8857148217	0.467	0.0	13.4	2.12	2.34	0.0	0.00	61.0	0.0	0.0	9.0	0.000	0.000	0.8857148217	0.886	0.000
20151013	0.9555353709	0.469	5.0	13.2	1.42	1.58	0.0	0.00	63.0	1.7	0.0	9.7	0.000	0.000	0.9555353709	0.956	0.000
20151014	1.0228025013	0.666	4.9	6.0	1.61	1.74	0.0	0.00	64.5	1.7	0.0	10.4	0.000	0.000	1.0228025013	1.023	0.000
20151015	0.9308574076	0.539	0.0	6.4	2.00	2.16	0.0	0.00	62.5	0.0	0.0	9.4	0.000	0.000	0.9308574076	0.931	0.000
20151016	0.9138599186	0.553	2.2	4.2	1.91	2.11	0.0	0.00	62.1	0.7	0.0	9.3	0.000	0.000	0.9138599186	0.914	0.000
20151017	0.8317082464	0.594	7.2	-0.6	2.04	2.30	4.1	1.00	60.0	0.0	0.0	8.4	0.000	0.000	0.8317082464	0.832	0.000
20151018	0.7569416198	0.564	0.8	-3.3	0.00	1.09	4.5	1.00	60.0	0.0	0.0	7.7	0.000	0.000	0.7569416198	0.757	0.000
20151019	0.6888961584	0.516	0.8	-2.3	0.00	2.01	5.0	1.00	60.0	0.0	0.0	7.0	0.000	0.000	0.6888961584	0.689	0.000
20151020	0.7838597832	0.569	0.4	7.1	0.00	1.33	0.0	0.00	63.7	1.7	0.0	7.9	0.000	0.000	0.7838597832	0.772	0.012
20151021	0.7411335629	0.528	0.9	9.6	1.23	1.34	0.0	0.00	63.0	0.3	0.0	7.5	0.000	0.000	0.7411335629	0.728	0.013
20151022	0.7048600612	0.495	1.0	10.5	1.02	1.12	0.0	0.00	62.7	0.3	0.0	7.1	0.000	0.000	0.7048600612	0.691	0.014
20151023	0.6505229835	0.459	0.3	1.8	0.82	0.92	0.0	0.00	62.0	0.1	0.0	6.6	0.000	0.000	0.6505229835	0.637	0.013
20151024	0.5920440527	0.416	0.0	1.6	1.75	1.97	0.0	0.00	60.3	0.0	0.0	6.0	0.000	0.000	0.5920440527	0.580	0.012
20151025	0.6492805455	0.519	3.8	6.4	1.36	1.54	0.0	0.00	61.5	1.2	0.0	6.6	0.000	0.000	0.6492805455	0.631	0.019
20151026	0.6143092275	0.476	0.8	1.8	1.27	1.44	0.0	0.00	60.8	0.3	0.0	6.2	0.000	0.000	0.6143092275	0.596	0.019
20151027	0.5590857416	0.432	0.0	2.4	0.92	1.05	0.0	0.00	59.9	0.0	0.0	5.7	0.000	0.000	0.5590857416	0.542	0.017
20151028	1.3417221882	0.944	18.0	3.1	0.91	0.97	0.0	0.00	70.5	6.4	2.2	8.6	0.000	0.4928060059	0.8489161822	1.283	0.059
20151029	2.1933342271	3.926	16.9	10.5	1.72	1.72	0.0	0.00	78.2	7.5	4.8	11.3	0.000	1.0806419862	1.1126922409	2.100	0.093
20151030	1.5330069711	1.432	1.5	1.2	1.04	1.04	0.8	1.00	77.2	0.0	0.8	13.7	0.000	0.1802508881	1.352756083	1.469	0.064
20151031	1.3374155624	1.030	0.0	1.8	0.00	1.32	0.0	0.00	77.6	0.4	0.0	13.5	0.000	0.000	1.3374155624	1.281	0.056
20151101	1.2547249907	0.931	0.9	5.2	0.84	0.84	0.0	0.00	77.3	0.4	0.0	12.7	0.000	0.000	1.2547249907	1.202	0.053
20151102	1.1626378804	0.828	0.5	5.7	1.50	1.50	0.0	0.00	76.0	0.2	0.0	11.8	0.000	0.000	1.1626378804	1.113	0.049
20151103	1.0621633342	0.793	0.1	8.2	1.05	1.05	0.0	0.00	75.1	0.0	0.0	10.8	0.000	0.000	1.0621633342	1.017	0.045
20151104	0.9666798883	0.746	0.0	7.5	1.26	1.26	0.0	0.00	73.8	0.0	0.0	9.8	0.000	0.000	0.9666798883	0.925	0.041
20151105	0.8797799513	0.736	0.0	11.9	1.51	1.51	0.0	0.00	72.3	0.0	0.0	8.9	0.000	0.000	0.8797799513	0.842	0.037
20151106	0.8044329296	0.721	0.1	14.4	1.60	1.60	0.0	0.00	70.8	0.0	0.0	8.1	0.000	0.000	0.8044329296	0.770	0.034
20151107	0.7903251929	0.692	1.6	6.7	1.53	1.53	0.0	0.00	70.2	0.6	0.0	8.0	0.000	0.000	0.7903251929	0.756	0.034
20151108	0.7192787066	0.691	0.6	1.1	1.66	1.66	0.3	1.00	68.5	0.0	0.0	7.3	0.000	0.000	0.7192787066	0.688	0.031
20151109	0.6662747517	0.660	0.0	3.9	0.00	0.95	0.0	0.00	68.7	0.1	0.0	6.7	0.000	0.000	0.6662747517	0.637	0.029
20151110	0.6063798117	0.636	0.0	5.1	1.33	1.35	0.0	0.00	67.4	0.0	0.0	6.1	0.000	0.000	0.6063798117	0.580	0.026
20151111	0.5686767157	0.642	0.5	6.2	0.91	0.94	0.0	0.00	66.8	0.2	0.0	5.8	0.000	0.000	0.5686767157	0.544	0.025
20151112	0.8687393993	0.860	9.8	5.4	1.30	1.30	0.0	0.00	71.5	3.8	0.0	8.7	0.000	0.0110944261	0.8576449732	0.829	0.039
20151113	1.3824080325	1.728	11.8	3.6	1.49	1.49	0.0	0.00	76.6	5.1	1.2	11.3	0.000	0.2617716775	1.120636355	1.322	0.060
20151114	1.1234819973	1.754	4.9	-1.4	1.56	1.56	2.8	1.00	75.0	0.0	0.0	11.4	0.000	0.000	1.1234819973	1.074	0.049
20151115	1.0224862944	1.139	0.2	0.3	0.00	1.24	2.9	1.00	75.0	0.0	0.0	10.4	0.000	0.000	1.0224862944	0.978	0.045
20151116	0.9305696262	1.105	1.0	0.3	0.00	0.98	3.4	1.00	75.0	0.0	0.0	9.4	0.000	0.000	0.9305696262	0.890	0.041
20151117	0.8469158305	0.978	0.0	-0.8	0.00	0.81	3.4	1.00	75.0	0.0	0.0	8.6	0.000	0.000	0.8469158305	0.810	0.037
20151118	0.7707821143	0.876	0.0	0.7	0.00	1.22	3.4	1.00	75.0	0.0	0.0	7.8	0.000	0.000	0.7707821143	0.737	0.034
20151119	1.1654326569	0.909	6.2	5.3	0.00	1.07	0.0	0.00	80.2	4.5	0.5	10.5	0.000	0.1238506018	1.0415820551	1.099	0.066
20151120	1.4064020533	2.448	7.7	2.6	0.69	0.69	0.0	0.00	83.4	3.9	0.5	13.0	0.000	0.1183636877	1.2880383656	1.322	0.084
20151121	1.2190874595	1.382	0.0	-0.1	1.25	1.25	0.0	0.00	82.1	0.0	0.0	12.3	0.000	0.000	1.2190874595	1.147	0.072
20151122	1.1185830261	1.177	0.2	2.4	1.08	1.08	0.0	0.00	81.1	0.1	0.0	11.3	0.000	0.000	1.1185830261	1.052	0.066
20151123	1.0180277175	1.032	1.6	-5.1	0.94	0.94	0.9	1.00	80.2	0.0	0.0	10.3	0.000	0.000	1.0180277175	0.958	0.060
20151124	0.9265118542	0.903	0.0	-7.0	0.00	0.38	0.9	1.00	80.2	0.0	0.0	9.4	0.000	0.000	0.9265118542	0.871	0.055
20151125	0.8432228329	0.904	0.0	-3.3	0.00	0.52	0.9	1.00	80.2	0.0	0.0	8.5	0.000	0.000	0.8432228329	0.793	0.050
20151126	0.7674210996	0.903	0.0	1.1	0.00	0.48	0.9	1.00	80.2	0.0	0.0	7.8	0.000	0.000	0.7674210996	0.722	0.046
20151127	0.7777313677	0.918	0.9	5.7	0.00	1.19	0.0	0.00	81.1	0.9	0.0	7.9	0.000	0.000	0.7777313677	0.730	0.048
20151128	0.7078170065	1.010	1.2	0.3	1.05	1.05	0.7	1.00	80.1	0.0	0.0	7.2	0.000	0.000	0.7078170065	0.664	0.043
20151129	0.6441876148	0.903	0.6	-5.4	0.00	0.29	1.0	1.00	80.1	0.0	0.0	6.5	0.000	0.000	0.6441876148	0.605	0.040
20151130	0.5862782036	0.793	0.1	-6.7	0.00	0.22	1.1	1.00	80.1	0.0	0.0	5.9	0.000	0.000	0.5862782036	0.550	0.036
20151201	0.5335745739	0.886	8.2	-4.3	0.00	0.65	5.7	1.00	80.1	0.0	0.0	5.4	0.000	0.000	0.5335745739	0.501	0.033
20151202	2.0928249386	3.150	19.8	1.5	0.00	0.72	5.4	1.00	89.5	10.6	5.6	8.4	0.000	1.2671265912	0.8256983475	1.949	0.144
20151203	1.4237750012	2.823	9.4	1.1	0.00	1.31	10.7	1.00	89.5	0.0	1.5	11.1	0.000	0.3322134218	1.0915615793	1.327	0.097
20151204	1.1248953724	1.756	3.3	-0.6	0.00	1.15	12.6	1.00	89.5	0.0	0.0	11.4	0.000	0.000	1.1248953724	1.049	0.076
20151205	1.0237726138	1.641	0.8	0.4	0.00	0.85	13.0	1.00	89.5	0.0	0.0	10.4	0.000	0.000	1.0237726138	0.955	0.069
20151206	0.9317403116	1.519	0.0	-0.1	0.00	0.95	13.0	1.00	89.5	0.0	0.0	9.4	0.000	0.000	0.9317403116	0.869	0.063
20151207	0.8479812768	1.415	0.0	-0.7	0.00	1.20	13.0	1.00	89.5	0.0	0.0	8.6	0.000	0.000	0.8479812768	0.791	0.057
20151208	0.7717517820	1.357	0.5	-2.1	0.00	0.41	13.3	1.00	89.5	0.0	0.0	7.8	0.000	0.000	0.771751782	0.720	0.052
20151209	0.7023749572	1.346	0.0	0.4	0.00	0.68	13.3	1.00	89.5	0.0	0.0	7.1	0.000	0.000	0.7023749572	0.655	0.047
20151210	1.4842990647	1.485	0.0	4.2	0.00	0.74	2.4	1.00	93.9	6.5	2.2	9.9	0.000	0.5049746877	0.979324377	1.296	0.188
20151211	1.2259392854	1.555	0.0	5.2	0.00	0.65	0.0	0.00	94.8	1.5	0.0	12.4	0.000	0.000	1.2259392854	1.073	0.153
20151212	1.1326983928	1.411	0.3	3.6	0.33	0.33	0.0	0.00	94.6	0.2	0.0	11.5	0.000	0.000	1.1326983928	0.990	0.142
20151213	1.0477805950	1.283	0.3	1.4	0.88	0.88	0.0	0.00	93.8	0.2	0.0	10.6	0.000	0.000	1.047780595	0.915	0.133
20151214	1.0372552382	1.250	1.5	3.7	0.64	0.64	0.0	0.00	93.8	0.9	0.0	10.5	0.000	0.000	1.0372552382	0.901	0.136
20151215	1.8084604881	2.227	10.4	3.7	0.54	0.54	0.0	0.00	97.0	6.6	2.3	13.0	0.000	0.5243599791	1.284100509	1.538	0.271
20151216	1.3761601806	1.702	0.8	-1.5	0.95	0.95	0.5	1.00	96.1	0.0	0.0	13.9	0.000	0.000	1.3761601806	1.175	0.201
20151217	1.5886368358	1.604	5.3	2.1	0.00	0.60	0.0	0.00	98.1	3.7	0.0	16.1	0.000	0.000	1.5886368358	1.351	0.238
20151218	1.5532344755	2.089	1.8	1.3	1.02	1.02	0.0	0.00	97.7	1.2	0.0	15.7	0.000	0.000	1.5532344755	1.319	0.234
20151219	1.4136060631	1.610	5.8	-4.2	0.82	0.82	3.3	1.00	96.8	0.0	0.0	14.3	0.000	0.000	1.4136060631	1.201	0.213
20151220	1.2865295828	1.473	0.5	-6.5	0.00	0.36	3.6	1.00	96.8	0.0	0.0	13.0	0.000	0.000	1.2865295828	1.093	0.194
20151221	1.1708766753	1.446	1.3	-3.4	0.00	0.58	4.3	1.00	96.8	0.0	0.0	11.9	0.000	0.000	1.1708766753	0.995	0.176
20151222	3.8823515922	4.738	20.6	2.7	0.00	0.24	0.0	0.00	104.6	17.2	10.9	14.2	0.000	2.4766415795	1.4057100127	3.261	0.621
20151223	4.0192622490	3.627	7.9	4.8	1.01	1.01	0.0	0.00	105.6	5.8	10.6	16.4	0.000	2.3998293021	1.6194329469	3.385	0.634
20151224	4.3364639860	5.496	9.1	7.1	1.04	1.04	0.0	0.00	106.8	6.8	11.1	18.4	0.000	2.522520783	1.813943203	3.673	0.663
20151225	3.3461766730	3.355	0.0	3.7	1.27	1.27	0.0	0.00	105.5	0.0	6.0	20.2	0.000	1.3552087634	1.9909679096	2.834	0.512
20151226	2.5560687376	2.822	0.0	-0.1	1.48	1.48	0.0	0.00	104.1	0.0	1.8	21.8	0.000	0.4039898028	2.1520789347	2.164	0.392
20151227	2.1184798423	4.305	11.7	-1.5	0.74	0.74	6.6	1.00	103.3	0.0	0.0	21.4	0.000	0.000	2.1184798423	1.793	0.325
20151228	1.9280385524	3.357	1.8	-8.5	0.00	0.69	7.6	1.00	103.3	0.0	0.0	19.5	0.000	0.000	1.9280385524	1.632	0.296
20151229	1.7547170313	3.062	26.9	-8.4	0.00	0.26	22.8	1.00	103.3	0.0	0.0	17.8	0.000	0.000	1.7547170313	1.485	0.269
20151230	1.5969762928	2.735	3.3	-4.0	0.00	1.10	24.6	1.00	103.3	0.0	0.0	16.2	0.000	0.000	1.5969762928	1.352	0.245
20151231	1.4534156985	2.643	3.3	-1.4	0.00	0.60	26.5	1.00	103.3	0.0	0.0	14.7	0.000	0.000	1.4534156985	1.230	0.223
20160101	1.3227605208	2.500	2.8	-3.1	0.00	0.77	28.1	1.00	103.3	0.0	0.0	13.4	0.000	0.000	1.3227605208	1.120	0.203
20160102	1.2038506238	2.339	0.8	-4.5	0.00	0.84	28.5	1.00	103.3	0.0	0.0	12.2	0.000	0.000	1.2038506238	1.019	0.185
20160103	1.0956301626	2.225	1.8	-5.0	0.00	0.53	29.5	1.00	103.3	0.0	0.0	11.1	0.000	0.000	1.0956301626	0.927	0.168
20160104	0.9971382075	2.115	1.0	-13.8	0.00	0.76	30.1	1.00	103.3	0.0	0.0	10.1	0.000	0.000	0.9971382075	0.844	0.153
20160105	0.9075002121	2.022	0.3	-17.5	0.00	1.25	30.3	1.00	103.3	0.0	0.0	9.2	0.000	0.000	0.9075002121	0.768	0.139
20160106	0.8259202473	1.919	0.0	-10.3	0.00	0.64	30.3	1.00	103.3	0.0	0.0	8.4	0.000	0.000	0.8259202473	0.699	0.127
20160107	0.7516739344	1.800	0.0	-5.6	0.00	0.70	30.3	1.00	103.3	0.0	0.0	7.6	0.000	0.000	0.7516739344	0.636	0.115
20160108	0.6841020129	1.753	0.0	-5.2	0.00	0.85	30.3	1.00	103.3	0.0	0.0	6.9	0.000	0.000	0.6841020129	0.579	0.105
20160109	0.6226044866	1.727	0.0	-0.6	0.00	0.59	30.3	1.00	103.3	0.0	0.0	6.3	0.000	0.000	0.6226044866	0.527	0.096
20160110	4.6186333514	6.849	31.5	2.0	0.00	0.37	30.3	1.00	110.9	23.8	16.3	9.2	0.000	3.711908458	0.9067248933	4.023	0.596
20160111	3.4897209522	5.554	1.8	-5.9	0.00	1.44	31.4	1.00	110.9	0.0	10.2	11.8	0.000	2.3244167291	1.1653042231	3.037	0.453
20160112	2.5944162733	3.136	0.3	-7.2	0.00	0.35	31.5	1.00	110.9	0.0	5.3	14.2	0.000	1.1937777758	1.4006384975	2.255	0.339
20160113	1.8872602922	2.619	3.3	-13.2	0.00	1.53	33.4	1.00	110.9	0.0	1.2	16.3	0.000	0.2724429553	1.6148173369	1.638	0.249
20160114	1.5774611787	2.367	0.5	-13.2	0.00	0.87	33.7	1.00	110.9	0.0	0.0	16.0	0.000	0.000	1.5774611787	1.368	0.209
20160115	1.4356549006	2.206	0.0	-9.7	0.00	0.73	33.7	1.00	110.9	0.0	0.0	14.5	0.000	0.000	1.4356549006	1.245	0.190
20160116	1.3065963343	2.124	4.6	-2.6	0.00	0.51	36.3	1.00	110.9	0.0	0.0	13.2	0.000	0.000	1.3065963343	1.134	0.173
20160117	1.1891395211	2.016	0.3	-7.1	0.00	1.26	36.4	1.00	110.9	0.0	0.0	12.0	0.000	0.000	1.1891395211	1.032	0.158
20160118	1.0822415182	1.878	5.3	-11.7	0.00	0.40	39.4	1.00	110.9	0.0	0.0	11.0	0.000	0.000	1.0822415182	0.939	0.143
20160119	0.9849531388	1.765	2.0	-15.4	0.00	0.67	40.5	1.00	110.9	0.0	0.0	10.0	0.000	0.000	0.9849531388	0.854	0.130
20160120	0.8964105233	1.637	1.3	-12.0	0.00	0.91	41.3	1.00	110.9	0.0	0.0	9.1	0.000	0.000	0.8964105233	0.778	0.119
20160121	0.8158274689	1.556	0.8	-13.8	0.00	0.90	41.7	1.00	110.9	0.0	0.0	8.3	0.000	0.000	0.8158274689	0.708	0.108
20160122	0.7424884489	1.458	0.0	-11.8	0.00	1.01	41.7	1.00	110.9	0.0	0.0	7.5	0.000	0.000	0.7424884489	0.644	0.098
20160123	0.6757422590	1.383	0.0	-11.0	0.00	1.07	41.7	1.00	110.9	0.0	0.0	6.8	0.000	0.000	0.675742259	0.586	0.090
20160124	0.6149962349	1.268	0.0	-10.1	0.00	0.98	41.7	1.00	110.9	0.0	0.0	6.2	0.000	0.000	0.6149962349	0.534	0.081
20160125	0.5597109903	1.172	0.0	-6.0	0.00	1.19	41.7	1.00	110.9	0.0	0.0	5.7	0.000	0.000	0.5597109903	0.486	0.074
20160126	0.5093956270	1.156	1.8	-1.8	0.00	0.78	42.7	1.00	110.9	0.0	0.0	5.2	0.000	0.000	0.509395627	0.442	0.067
20160127	0.4636033762	1.149	0.8	-5.7	0.00	1.47	43.2	1.00	110.9	0.0	0.0	4.7	0.000	0.000	0.4636033762	0.402	0.061
20160128	0.4219276316	1.122	0.3	-6.9	0.00	1.33	43.4	1.00	110.9	0.0	0.0	4.3	0.000	0.000	0.4219276316	0.366	0.056
20160129	0.3839983387	1.065	0.0	-3.2	0.00	1.00	43.4	1.00	110.9	0.0	0.0	3.9	0.000	0.000	0.3839983387	0.333	0.051
20160130	0.3494787093	1.028	0.0	-4.9	0.00	1.16	43.4	1.00	110.9	0.0	0.0	3.5	0.000	0.000	0.3494787093	0.303	0.046
20160131	0.3180622310	0.987	0.0	-0.2	0.00	0.95	43.4	1.00	110.9	0.0	0.0	3.2	0.000	0.000	0.318062231	0.276	0.042
20160201	0.2894699450	1.314	0.0	2.1	0.00	0.76	43.4	1.00	110.9	0.0	0.0	2.9	0.000	0.000	0.289469945	0.251	0.038
20160202	0.2634479699	1.256	0.0	-3.8	0.00	0.85	43.4	1.00	110.9	0.0	0.0	2.7	0.000	0.000	0.2634479699	0.229	0.035
20160203	0.2397652469	1.980	11.4	-1.8	0.00	0.43	49.8	1.00	110.9	0.0	0.0	2.4	0.000	0.000	0.2397652469	0.208	0.032
20160204	0.2182114884	2.251	0.5	1.2	0.00	0.93	50.1	1.00	110.9	0.0	0.0	2.2	0.000	0.000	0.2182114884	0.189	0.029
20160205	0.1985953106	1.600	0.3	-5.4	0.00	0.87	50.2	1.00	110.9	0.0	0.0	2.0	0.000	0.000	0.1985953106	0.172	0.026
20160206	0.1807425341	1.293	0.0	-5.5	0.00	0.98	50.2	1.00	110.9	0.0	0.0	1.8	0.000	0.000	0.1807425341	0.157	0.024
20160207	0.1644946375	1.158	0.0	-3.7	0.00	0.48	50.2	1.00	110.9	0.0	0.0	1.7	0.000	0.000	0.1644946375	0.143	0.022
20160208	0.1497073498	1.029	1.5	-7.1	0.00	0.79	51.1	1.00	110.9	0.0	0.0	1.5	0.000	0.000	0.1497073498	0.130	0.020
20160209	0.1362493691	0.916	3.3	-6.8	0.00	0.50	52.9	1.00	110.9	0.0	0.0	1.4	0.000	0.000	0.1362493691	0.118	0.018
20160210	0.1240011971	0.894	1.0	-4.8	0.00	0.54	53.5	1.00	110.9	0.0	0.0	1.3	0.000	0.000	0.1240011971	0.108	0.016
20160211	0.1128540776	0.871	1.0	-14.5	0.00	0.30	54.1	1.00	110.9	0.0	0.0	1.1	0.000	0.000	0.1128540776	0.098	0.015
20160212	0.1027090313	0.845	0.0	-16.6	0.00	0.35	54.1	1.00	110.9	0.0	0.0	1.0	0.000	0.000	0.1027090313	0.089	0.014
20160213	0.0934759765	0.838	1.3	-21.1	0.00	0.49	54.8	1.00	110.9	0.0	0.0	0.9	0.000	0.000	0.0934759765	0.081	0.012
20160214	0.0850729296	0.830	0.0	-25.3	0.00	0.67	54.8	1.00	110.9	0.0	0.0	0.9	0.000	0.000	0.0850729296	0.074	0.011
20160215	0.0774252767	0.823	0.0	-17.7	0.00	0.30	54.8	1.00	110.9	0.0	0.0	0.8	0.000	0.000	0.0774252767	0.067	0.010
20160216	0.0704651116	3.469	29.7	-1.9	0.00	0.39	71.5	1.00	110.9	0.0	0.0	0.7	0.000	0.000	0.0704651116	0.061	0.009
20160217	0.0641306323	3.215	0.0	-4.7	0.00	1.21	71.5	1.00	110.9	0.0	0.0	0.6	0.000	0.000	0.0641306323	0.056	0.008
20160218	0.0583655926	1.557	0.0	-10.4	0.00	1.16	71.5	1.00	110.9	0.0	0.0	0.6	0.000	0.000	0.0583655926	0.051	0.008
20160219	0.0531188026	1.329	4.8	-8.5	0.00	1.58	74.2	1.00	110.9	0.0	0.0	0.5	0.000	0.000	0.0531188026	0.046	0.007
20160220	0.0483436742	1.221	11.2	-0.5	0.00	0.87	80.6	1.00	110.9	0.0	0.0	0.5	0.000	0.000	0.0483436742	0.042	0.006
20160221	0.0439978072	1.322	2.3	-2.5	0.00	1.11	81.9	1.00	110.9	0.0	0.0	0.4	0.000	0.000	0.0439978072	0.038	0.006
20160222	0.0400426130	1.223	0.3	-10.1	0.00	1.45	82.0	1.00	110.9	0.0	0.0	0.4	0.000	0.000	0.040042613	0.035	0.005
20160223	0.0364429720	1.108	0.0	-9.6	0.00	1.00	82.0	1.00	110.9	0.0	0.0	0.4	0.000	0.000	0.036442972	0.032	0.005
20160224	0.0331669217	2.554	32.5	-1.9	0.00	0.34	100.3	1.00	110.9	0.0	0.0	0.3	0.000	0.000	0.0331669217	0.029	0.004
20160225	2.6870900245	13.910	28.7	1.6	0.00	0.41	109.1	1.00	114.5	16.3	10.2	3.7	0.000	2.3168150547	0.3702749698	2.385	0.302
20160226	1.8646619282	5.036	1.0	-9.5	0.00	1.30	109.7	1.00	114.5	0.0	5.2	6.9	0.000	1.1875833249	0.6770786033	1.655	0.210
20160227	1.2236972679	3.619	0.0	-8.6	0.00	1.37	109.7	1.00	114.5	0.0	1.2	9.7	0.000	0.2673952226	0.9563020453	1.086	0.138
20160228	0.9761458527	3.085	1.0	1.4	0.00	1.26	110.7	1.00	114.5	0.0	0.0	9.9	0.000	0.000	0.9761458527	0.866	0.110
20160229	1.1493723661	3.157	4.8	1.7	0.00	1.26	112.0	1.00	115.1	2.9	0.0	11.6	0.000	0.000	1.1493723661	1.020	0.130
20160301	1.0460492418	2.891	0.3	-7.6	0.00	0.66	112.2	1.00	115.1	0.0	0.0	10.6	0.000	0.000	1.0460492418	0.928	0.118
20160302	0.9520143764	2.560	13.7	-7.6	0.00	0.59	119.9	1.00	115.1	0.0	0.0	9.6	0.000	0.000	0.9520143764	0.845	0.107
20160303	0.8664327994	2.368	0.3	-14.5	0.00	0.69	120.1	1.00	115.1	0.0	0.0	8.8	0.000	0.000	0.8664327994	0.769	0.098
20160304	0.7885446002	2.204	0.0	-13.0	0.00	0.48	120.1	1.00	115.1	0.0	0.0	8.0	0.000	0.000	0.7885446002	0.700	0.089
20160305	0.7176581807	1.984	0.0	-10.4	0.00	0.90	120.1	1.00	115.1	0.0	0.0	7.3	0.000	0.000	0.7176581807	0.637	0.081
20160306	0.6531441141	1.821	0.0	-5.6	0.00	0.94	120.1	1.00	115.1	0.0	0.0	6.6	0.000	0.000	0.6531441141	0.579	0.074
20160307	0.5944295561	1.791	2.8	-3.1	0.00	0.21	121.7	1.00	115.1	0.0	0.0	6.0	0.000	0.000	0.5944295561	0.527	0.067
20160308	0.5409931584	1.792	0.0	3.1	0.00	1.15	121.7	1.00	115.1	0.0	0.0	5.5	0.000	0.000	0.5409931584	0.480	0.061
20160309	4.5177722754	3.496	0.0	8.8	0.00	1.18	94.3	1.00	118.7	23.7	16.2	8.4	0.000	3.6853222389	0.8324500364	3.320	1.198
20160310	7.9988948440	9.592	15.5	4.1	0.00	0.54	82.3	1.00	121.4	24.8	30.4	11.1	0.000	6.9011885205	1.0977063235	5.580	2.419
20160311	6.2624138901	8.586	1.5	-0.8	0.00	0.70	83.1	1.00	121.4	0.0	21.7	13.6	0.000	4.9232965616	1.3391173285	4.381	1.881
20160312	6.2564663756	6.622	0.0	3.3	0.00	1.08	75.0	1.00	122.1	7.5	20.7	15.8	0.000	4.6976397464	1.5588266291	4.306	1.951
20160313	5.7898892413	6.679	0.0	2.5	0.00	1.41	69.7	1.00	122.5	4.9	17.7	17.8	0.000	4.0311041355	1.7587851057	3.935	1.855
20160314	4.5252910960	5.417	4.8	-1.4	0.00	0.45	72.4	1.00	122.5	0.0	11.4	19.6	0.000	2.5845228323	1.9407682637	3.089	1.436
20160315	5.0882342673	5.389	1.3	3.3	0.00	0.27	64.6	1.00	123.1	8.5	13.1	21.3	0.000	2.9818422684	2.1063919989	3.339	1.749
20160316	9.2600198190	7.689	5.8	7.0	0.00	1.05	40.3	1.00	124.7	28.5	30.8	22.9	0.000	7.0028928731	2.2571269459	5.331	3.929
20160317	11.2326954514	8.940	1.3	5.7	0.00	0.99	21.7	1.00	125.5	19.1	37.3	24.2	0.2964090987	8.5419748166	2.394311536	6.043	5.189
20160318	8.7246327003	6.288	1.8	-2.7	0.00	0.98	22.7	1.00	125.5	0.0	27.3	25.5	0.000	6.2054688181	2.5191638822	4.740	3.985
20160319	6.9891612390	5.130	0.5	-6.2	0.00	1.17	23.0	1.00	125.5	0.0	19.2	26.7	0.000	4.3563686443	2.6327925946	3.831	3.158
20160320	5.5857809281	4.577	0.0	-4.3	0.00	1.31	23.0	1.00	125.5	0.0	12.5	27.7	0.000	2.8495743034	2.7362066248	3.093	2.493
20160321	4.4520422878	4.244	0.0	-1.1	0.00	1.21	23.0	1.00	125.5	0.0	7.1	28.7	0.000	1.6217180638	2.8303242241	2.494	1.958
20160322	3.5371439402	3.701	0.0	-2.4	0.00	1.13	23.0	1.00	125.5	0.0	2.7	29.5	0.000	0.6211628426	2.9159810976	2.009	1.528
20160323	2.8996482554	3.568	1.5	0.0	0.00	0.99	23.8	1.00	125.5	0.0	0.0	29.4	0.000	0.000	2.8996482554	1.666	1.233
20160324	2.6389836303	3.266	4.1	-3.1	0.00	0.38	26.1	1.00	125.5	0.0	0.0	26.7	0.000	0.000	2.6389836303	1.516	1.123
20160325	2.4017515187	3.635	5.8	-0.2	0.00	0.43	29.4	1.00	125.5	0.0	0.0	24.3	0.000	0.000	2.4017515187	1.380	1.022
20160326	2.1858454486	3.523	0.0	1.2	0.00	1.24	29.4	1.00	125.5	0.0	0.0	22.1	0.000	0.000	2.1858454486	1.256	0.930
20160327	3.4463283615	3.342	0.0	4.4	0.00	0.50	19.2	1.00	125.9	9.8	4.9	23.6	0.000	1.1168904542	2.3294379073	1.748	1.698
20160328	5.2421634893	4.481	13.7	1.4	0.00	0.26	18.6	1.00	126.3	13.9	12.2	24.9	0.000	2.7820414043	2.460122085	2.569	2.673
20160329	4.1457452449	4.507	4.1	-2.0	0.00	0.93	20.9	1.00	126.3	0.0	6.9	26.1	0.000	1.5666868699	2.579058375	2.058	2.088
20160330	3.2636218921	3.464	0.0	1.4	0.00	1.91	20.9	1.00	126.3	0.0	2.5	27.2	0.000	0.5763190356	2.6873028566	1.644	1.619
20160331	6.3391057241	3.409	0.0	7.2	0.00	1.40	0.0	0.00	126.8	20.4	15.6	28.2	0.000	3.5532890514	2.7858166727	2.843	3.496
20160401	9.0320574246	7.248	21.8	7.6	0.60	0.60	0.0	0.00	126.6	21.4	27.1	29.1	0.000	6.1565828606	2.875474564	4.223	4.809
20160402	7.6896397903	5.250	2.3	2.7	0.74	0.74	0.0	0.00	125.9	2.2	20.8	29.9	0.000	4.7325671541	2.9570726361	3.619	4.070
20160403	6.1874662905	4.035	1.3	-6.6	1.20	1.20	0.7	1.00	124.7	0.0	13.9	30.7	0.000	3.1561308619	3.0313354286	2.923	3.264
20160404	4.9704471527	3.379	0.0	-8.6	0.00	0.39	0.7	1.00	124.7	0.0	8.2	31.4	0.000	1.8715248045	3.0989223482	2.358	2.612
20160405	3.9851588286	3.052	0.0	-7.8	0.00	0.79	0.7	1.00	124.7	0.0	3.6	32.0	0.000	0.8247253043	3.1604335243	1.900	2.085
20160406	3.2026771651	2.841	3.8	-3.6	0.00	0.60	2.9	1.00	124.7	0.0	0.0	32.4	0.000	0.000	3.2026771651	1.535	1.668
20160407	5.7277414868	4.811	15.0	2.8	0.00	0.22	0.0	0.00	125.4	17.1	10.9	33.0	0.000	2.4728802115	3.2548612753	2.918	2.809
20160408	4.6171119470	5.221	8.4	-1.8	0.75	0.75	4.7	1.00	124.7	0.0	5.8	33.4	0.000	1.3147576655	3.3023542815	2.334	2.283
20160409	3.7166049128	3.752	0.5	-3.8	0.00	1.57	5.0	1.00	124.7	0.0	1.6	33.9	0.000	0.3710270211	3.3455778917	1.861	1.855
20160410	3.1916452185	3.241	0.5	-4.4	0.00	1.86	5.3	1.00	124.7	0.0	0.0	32.3	0.000	0.000	3.1916452185	1.591	1.601
20160411	2.9047314513	3.349	7.6	-0.1	0.00	1.22	9.6	1.00	124.7	0.0	0.0	29.4	0.000	0.000	2.9047314513	1.448	1.457
20160412	5.4046670311	6.278	13.7	2.4	0.00	0.54	5.7	1.00	125.4	16.9	10.7	30.2	0.000	2.4209675631	2.983699468	2.885	2.520
20160413	4.7548197132	3.992	0.3	1.8	0.00	1.57	3.6	1.00	125.5	2.3	7.5	30.9	0.000	1.6992510787	3.0555686346	2.530	2.225
20160414	4.4483061017	3.437	0.0	3.2	0.00	1.95	0.0	0.00	125.6	3.5	5.8	31.6	0.000	1.3273289978	3.1209771039	2.361	2.088
20160415	3.5617768077	3.153	0.0	5.3	2.10	2.10	0.0	0.00	123.5	0.0	1.7	32.2	0.000	0.3812711456	3.1805056621	1.876	1.686
20160416	3.0454658966	2.927	0.0	7.0	2.40	2.40	0.0	0.00	121.1	0.0	0.0	30.8	0.000	0.000	3.0454658966	1.597	1.448
20160417	2.7716929571	2.740	0.0	10.8	2.57	2.57	0.0	0.00	118.5	0.0	0.0	28.1	0.000	0.000	2.7716929571	1.454	1.318
20160418	2.8091862947	2.715	3.6	10.4	2.28	2.28	0.0	0.00	116.7	3.2	0.0	28.4	0.000	0.000	2.8091862947	1.484	1.326
20160419	3.8388397223	4.629	10.2	6.7	1.35	1.35	0.0	0.00	116.7	8.9	4.1	29.3	0.000	0.9420963545	2.8967433678	2.114	1.725
20160420	3.0437823297	3.092	0.0	5.4	1.83	1.83	0.0	0.00	114.8	0.0	0.3	30.1	0.000	0.0673528543	2.9764294754	1.656	1.388
20160421	2.7355147460	2.674	0.0	10.2	1.76	1.76	0.0	0.00	113.1	0.0	0.0	27.7	0.000	0.000	2.735514746	1.486	1.249
20160422	2.6006054034	2.642	1.5	14.9	1.26	1.26	0.0	0.00	112.1	1.2	0.0	26.3	0.000	0.000	2.6006054034	1.419	1.181
20160423	2.4032998236	2.532	0.5	4.9	2.25	2.25	0.0	0.00	109.9	0.4	0.0	24.3	0.000	0.000	2.4032998236	1.314	1.090
20160424	2.1872545683	2.301	0.0	3.5	2.32	2.32	0.0	0.00	107.6	0.0	0.0	22.1	0.000	0.000	2.1872545683	1.196	0.992
20160425	1.9906307567	2.157	0.0	3.5	1.46	1.46	0.0	0.00	106.1	0.0	0.0	20.2	0.000	0.000	1.9906307567	1.088	0.903
20160426	1.8116824933	2.213	8.1	0.2	0.33	0.33	4.6	1.00	105.8	0.0	0.0	18.3	0.000	0.000	1.8116824933	0.990	0.821
20160427	1.6488208299	2.759	0.5	1.0	0.00	1.39	4.8	1.00	105.8	0.0	0.0	16.7	0.000	0.000	1.6488208299	0.901	0.748
20160428	1.5005996577	2.361	0.0	1.1	0.00	2.27	4.8	1.00	105.8	0.0	0.0	15.2	0.000	0.000	1.5005996577	0.820	0.680
20160429	1.6918566406	2.071	0.0	4.6	0.00	2.26	0.0	0.00	107.0	3.6	0.0	17.1	0.000	0.000	1.6918566406	0.934	0.757
20160430	1.5397667531	1.902	0.0	7.3	2.08	2.08	0.0	0.00	104.9	0.0	0.0	15.6	0.000	0.000	1.5397667531	0.850	0.689
20160501	1.9199062397	2.001	6.4	6.4	0.81	0.81	0.0	0.00	105.8	4.7	0.8	17.6	0.000	0.1784676176	1.7414386221	1.085	0.835
20160502	3.4848795971	3.685	15.0	4.2	0.46	0.46	0.0	0.00	108.9	11.4	6.9	19.5	0.000	1.5598984504	1.9249811467	2.119	1.366
20160503	2.7059498611	2.943	0.3	5.1	1.36	1.36	0.0	0.00	107.6	0.2	2.7	21.2	0.000	0.6139257923	2.0920240688	1.628	1.078
20160504	2.1468972861	2.463	0.0	5.2	1.64	1.64	0.0	0.00	105.9	0.0	0.0	21.7	0.000	0.000	2.1468972861	1.277	0.870
20160505	1.9539014028	2.270	0.0	8.3	0.94	0.94	0.0	0.00	105.0	0.0	0.0	19.8	0.000	0.000	1.9539014028	1.162	0.792
20160506	1.7782549340	1.994	0.0	12.7	1.66	1.66	0.0	0.00	103.4	0.0	0.0	18.0	0.000	0.000	1.778254934	1.058	0.721
20160507	1.6183982497	1.875	0.0	13.0	1.15	1.15	0.0	0.00	102.2	0.0	0.0	16.4	0.000	0.000	1.6183982497	0.963	0.656
20160508	3.7708260724	3.494	19.6	4.1	0.82	0.82	0.0	0.00	106.6	14.4	8.6	18.4	0.000	1.9578245522	1.8130015202	2.501	1.270
20160509	2.9547927386	2.563	0.5	2.3	1.58	1.58	0.0	0.00	105.2	0.4	4.2	20.1	0.000	0.964681859	1.9901108796	1.939	1.016
20160510	2.2370562730	2.120	0.0	6.9	2.74	2.74	0.0	0.00	102.4	0.0	0.4	21.8	0.000	0.0857573253	2.1512989477	1.445	0.792
20160511	1.9918423628	1.923	0.0	9.7	3.02	3.02	0.0	0.00	99.4	0.0	0.0	20.2	0.000	0.000	1.9918423628	1.284	0.708
20160512	1.8127851817	1.807	0.0	14.9	3.24	3.24	0.0	0.00	96.2	0.0	0.0	18.4	0.000	0.000	1.8127851817	1.168	0.644
20160513	2.7231256138	2.636	11.7	14.3	1.60	1.60	0.0	0.00	98.5	7.7	3.2	20.1	0.000	0.7332116248	1.989913989	1.858	0.865
20160514	3.2982237488	2.615	9.9	13.1	1.83	1.83	0.0	0.00	99.9	6.8	5.0	21.8	0.000	1.1471039922	2.1511197566	2.321	0.977
20160515	4.0706403273	4.502	11.9	4.6	0.95	0.95	0.0	0.00	102.5	8.3	7.8	23.3	0.000	1.772806437	2.2978338903	2.964	1.106
20160516	3.1756408220	3.117	4.3	1.0	2.19	2.19	2.4	1.00	100.3	0.0	3.3	24.6	0.000	0.7442817028	2.4313591192	2.287	0.889
20160517	2.7676309529	2.596	0.0	6.2	0.00	3.44	0.0	0.00	101.1	1.7	0.9	25.8	0.000	0.2147498896	2.5528810634	1.985	0.783
20160518	2.4083677321	2.360	0.0	8.0	4.01	4.01	0.0	0.00	97.1	0.0	0.0	24.4	0.000	0.000	2.4083677321	1.721	0.687
20160519	2.4341528112	2.355	4.1	11.3	2.39	2.39	0.0	0.00	96.1	2.7	0.0	24.6	0.000	0.000	2.4341528112	1.755	0.679
20160520	2.2326416686	2.305	0.3	12.5	3.39	3.39	0.0	0.00	92.8	0.2	0.0	22.6	0.000	0.000	2.2326416686	1.611	0.622
20160521	2.0319377721	2.031	0.0	14.4	2.86	2.86	0.0	0.00	89.9	0.0	0.0	20.6	0.000	0.000	2.0319377721	1.466	0.566
20160522	2.1030702438	1.966	4.8	15.5	1.40	1.40	0.0	0.00	90.5	2.8	0.0	21.3	0.000	0.000	2.1030702438	1.535	0.568
20160523	1.9140142037	1.738	0.0	12.0	3.32	3.32	0.0	0.00	87.2	0.0	0.0	19.4	0.000	0.000	1.9140142037	1.397	0.517
20160524	1.7817595298	1.604	0.8	16.3	1.74	1.74	0.0	0.00	85.8	0.4	0.0	18.0	0.000	0.000	1.7817595298	1.303	0.479
20160525	1.6361555653	1.513	0.3	17.8	2.24	2.24	0.0	0.00	83.7	0.2	0.0	16.6	0.000	0.000	1.6361555653	1.198	0.439
20160526	1.4890729403	1.334	0.0	17.9	2.73	2.73	0.0	0.00	81.0	0.0	0.0	15.1	0.000	0.000	1.4890729403	1.090	0.399
20160527	1.5035762550	1.211	3.3	21.3	2.72	2.72	0.0	0.00	79.9	1.7	0.0	15.2	0.000	0.000	1.503576255	1.111	0.393
20160528	1.3684118811	1.060	0.0	22.8	3.53	3.53	0.0	0.00	76.4	0.0	0.0	13.9	0.000	0.000	1.3684118811	1.011	0.357
20160529	1.2860696644	0.969	1.0	21.1	1.31	1.31	0.0	0.00	75.6	0.5	0.0	13.0	0.000	0.000	1.2860696644	0.953	0.333
20160530	1.2837789697	1.100	2.8	19.6	1.68	1.68	0.0	0.00	75.5	1.3	0.0	13.0	0.000	0.000	1.2837789697	0.959	0.325
20160531	1.2285159175	0.970	1.5	18.1	3.02	3.02	0.0	0.00	73.3	0.7	0.0	12.4	0.000	0.000	1.2285159175	0.922	0.306
20160601	1.1180781633	0.807	0.0	16.9	4.97	4.97	0.0	0.00	68.3	0.0	0.0	11.3	0.000	0.000	1.1180781633	0.839	0.279
20160602	1.0175682395	0.697	0.0	17.8	4.00	4.09	0.0	0.00	64.3	0.0	0.0	10.3	0.000	0.000	1.0175682395	0.764	0.254
20160603	0.9573974269	0.686	1.0	18.2	3.02	3.26	0.0	0.00	61.9	0.3	0.0	9.7	0.000	0.000	0.9573974269	0.721	0.237
20160604	0.8713319391	0.582	0.0	17.8	3.38	3.81	0.0	0.00	58.6	0.0	0.0	8.8	0.000	0.000	0.8713319391	0.656	0.215
20160605	5.1321263806	6.100	56.9	14.7	0.78	0.78	0.0	0.00	89.3	25.4	17.6	11.5	0.000	3.999033453	1.1330929276	4.536	0.596
20160606	4.0360097008	3.323	1.0	15.8	2.92	2.92	0.0	0.00	86.8	0.6	11.7	13.9	0.000	2.6646868561	1.3713228447	3.552	0.484
20160607	3.1101016646	1.761	0.5	15.3	4.05	4.05	0.0	0.00	83.0	0.3	6.7	16.1	0.000	1.5219646424	1.5881370222	2.722	0.388
20160608	2.4491767979	1.497	1.3	9.7	5.54	5.54	0.0	0.00	78.1	0.7	2.9	18.1	0.000	0.6637161644	1.7854606335	2.131	0.318
20160609	2.0949181340	1.494	3.3	6.3	3.05	3.05	0.0	0.00	76.8	1.6	0.6	19.9	0.000	0.129872346	1.965045788	1.819	0.276
20160610	1.8520857288	1.334	0.3	9.3	4.67	4.67	0.0	0.00	72.3	0.1	0.0	18.8	0.000	0.000	1.8520857288	1.606	0.246
20160611	1.7154929796	1.261	0.8	9.1	3.80	3.80	0.0	0.00	68.9	0.3	0.0	17.4	0.000	0.000	1.7154929796	1.489	0.227
20160612	1.6598968345	1.317	2.8	9.7	4.86	4.86	0.0	0.00	65.8	1.1	0.0	16.8	0.000	0.000	1.6598968345	1.445	0.214
20160613	1.8920571799	2.320	10.4	10.4	4.63	4.68	0.0	0.00	67.5	4.0	0.2	18.7	0.000	0.0412876008	1.850769579	1.670	0.222
20160614	1.7007320673	1.758	0.0	12.6	6.11	6.32	0.0	0.00	61.4	0.0	0.0	17.2	0.000	0.000	1.7007320673	1.500	0.200
20160615	1.5565981560	1.105	0.3	15.9	5.26	5.96	0.0	0.00	56.4	0.1	0.0	15.8	0.000	0.000	1.556598156	1.374	0.183
20160616	1.4166673648	0.865	0.0	16.6	3.00	3.72	0.0	0.00	53.4	0.0	0.0	14.3	0.000	0.000	1.4166673648	1.250	0.167
20160617	1.2893156879	0.704	0.0	16.2	4.03	5.27	0.0	0.00	49.3	0.0	0.0	13.1	0.000	0.000	1.2893156879	1.138	0.152
20160618	1.1734123228	0.610	0.0	17.3	3.27	4.63	0.0	0.00	46.1	0.0	0.0	11.9	0.000	0.000	1.1734123228	1.035	0.138
20160619	1.0679281205	0.522	0.0	19.1	3.01	4.57	0.0	0.00	43.0	0.0	0.0	10.8	0.000	0.000	1.0679281205	0.942	0.126
20160620	0.9719264476	0.444	0.0	21.6	3.45	5.59	0.0	0.00	39.6	0.0	0.0	9.8	0.000	0.000	0.9719264476	0.858	0.114
20160621	0.9406934650	0.435	3.6	15.9	2.93	4.97	0.0	0.00	39.6	0.6	0.0	9.5	0.000	0.000	0.940693465	0.833	0.108
20160622	1.0318006705	0.963	10.2	12.2	2.23	3.56	0.0	0.00	45.7	2.0	0.0	10.4	0.000	0.000	1.0318006705	0.925	0.107
20160623	0.9483337487	0.691	0.5	14.6	2.77	4.22	0.0	0.00	43.3	0.1	0.0	9.6	0.000	0.000	0.9483337487	0.851	0.098
20160624	0.8682197839	0.455	0.3	15.6	3.06	4.93	0.0	0.00	40.5	0.1	0.0	8.8	0.000	0.000	0.8682197839	0.779	0.089
20160625	0.7901709433	0.358	0.0	17.6	3.26	5.62	0.0	0.00	37.2	0.0	0.0	8.0	0.000	0.000	0.7901709433	0.709	0.081
20160626	0.7191383232	0.298	0.0	20.3	2.90	5.45	0.0	0.00	34.3	0.0	0.0	7.3	0.000	0.000	0.7191383232	0.645	0.074
20160627	0.6544911988	0.269	0.0	19.1	1.74	3.55	0.0	0.00	32.6	0.0	0.0	6.6	0.000	0.000	0.6544911988	0.587	0.067
20160628	2.9464237754	3.820	54.6	20.2	2.77	3.68	0.0	0.00	69.7	14.6	8.9	9.5	0.000	2.010678634	0.9357451414	2.841	0.105
20160629	2.6290521994	2.979	6.6	17.6	2.80	2.80	0.0	0.00	70.8	2.7	6.3	12.1	0.000	1.437336511	1.1917156884	2.535	0.094
20160630	1.9179960502	1.099	0.3	17.5	4.28	4.28	0.0	0.00	66.7	0.1	2.2	14.4	0.000	0.4933203528	1.4246756974	1.841	0.077
20160701	2.3815014149	1.314	14.0	17.4	3.87	3.87	0.0	0.00	71.2	5.6	3.3	16.6	0.000	0.7448077085	1.6366937065	2.303	0.078
20160702	1.8344368059	1.384	1.3	12.2	5.70	5.70	0.0	0.00	66.3	0.5	0.0	18.5	0.000	0.0047845037	1.8296523022	1.768	0.066
20160703	1.6670685117	0.835	0.0	14.7	7.20	7.57	0.0	0.00	59.1	0.0	0.0	16.9	0.000	0.000	1.6670685117	1.607	0.060
20160704	1.5172069594	0.568	0.0	18.0	6.18	7.29	0.0	0.00	52.9	0.0	0.0	15.4	0.000	0.000	1.5172069594	1.463	0.055
20160705	1.3808172499	0.459	0.0	19.2	5.69	7.50	0.0	0.00	47.2	0.0	0.0	14.0	0.000	0.000	1.3808172499	1.331	0.050
20160706	1.2566883283	0.367	0.0	20.8	4.59	6.78	0.0	0.00	42.7	0.0	0.0	12.7	0.000	0.000	1.2566883283	1.211	0.045
20160707	1.2381060662	0.558	5.3	21.9	2.95	4.60	0.0	0.00	43.9	1.0	0.0	12.5	0.000	0.000	1.2381060662	1.196	0.042
20160708	1.1268062032	0.531	0.0	18.5	2.41	3.83	0.0	0.00	41.5	0.0	0.0	11.4	0.000	0.000	1.1268062032	1.088	0.039
20160709	1.5101421871	1.310	19.8	14.5	2.79	3.97	0.0	0.00	54.0	4.6	0.6	13.8	0.000	0.1445409201	1.365601267	1.471	0.039
20160710	1.4407381333	1.557	5.6	13.9	3.13	3.90	0.0	0.00	54.9	1.6	0.0	14.6	0.000	0.000	1.4407381333	1.405	0.036
20160711	1.3483495897	0.989	1.5	16.3	4.30	5.42	0.0	0.00	51.7	0.4	0.0	13.7	0.000	0.000	1.3483495897	1.315	0.033
20160712	1.2271393568	0.587	0.0	18.2	4.88	6.59	0.0	0.00	46.8	0.0	0.0	12.4	0.000	0.000	1.2271393568	1.197	0.030
20160713	1.1168253490	0.423	0.0	20.7	2.75	4.10	0.0	0.00	44.0	0.0	0.0	11.3	0.000	0.000	1.116825349	1.089	0.027
20160714	1.3004131290	1.181	13.7	21.2	1.20	1.69	0.0	0.00	53.4	3.2	0.0	13.2	0.000	0.000	1.300413129	1.274	0.027
20160715	1.2263379027	0.906	1.8	20.1	3.84	4.96	0.0	0.00	50.9	0.5	0.0	12.4	0.000	0.000	1.2263379027	1.202	0.024
20160716	1.1226650208	0.570	0.3	18.0	4.46	6.11	0.0	0.00	46.6	0.1	0.0	11.4	0.000	0.000	1.1226650208	1.100	0.022
20160717	1.0217427603	0.428	0.0	19.4	3.13	4.68	0.0	0.00	43.5	0.0	0.0	10.3	0.000	0.000	1.0217427603	1.002	0.020
20160718	1.0796710432	0.633	7.9	19.4	3.51	5.25	0.0	0.00	46.2	1.7	0.0	10.9	0.000	0.000	1.0796710432	1.061	0.019
20160719	0.9882930546	0.613	0.3	13.6	4.14	6.23	0.0	0.00	42.3	0.1	0.0	10.0	0.000	0.000	0.9882930546	0.971	0.017
20160720	0.9044152834	0.380	0.3	14.8	3.68	6.04	0.0	0.00	38.9	0.1	0.0	9.2	0.000	0.000	0.9044152834	0.889	0.016
20160721	0.8231126391	0.275	0.0	17.9	3.97	7.11	0.0	0.00	34.9	0.0	0.0	8.3	0.000	0.000	0.8231126391	0.809	0.014
20160722	1.2547001439	0.601	23.6	21.6	3.63	5.71	0.0	0.00	50.2	4.7	0.7	11.0	0.000	0.16549183	1.0892083139	1.240	0.014
20160723	2.3106349838	4.040	26.9	18.9	4.65	5.45	0.0	0.00	64.1	8.3	4.3	13.5	0.000	0.9792517342	1.3313832496	2.295	0.015
20160724	1.6686725847	1.577	0.3	17.2	4.06	4.41	0.0	0.00	60.3	0.1	0.5	15.7	0.000	0.1168847774	1.5517878073	1.656	0.013
20160725	1.4585418585	0.897	0.0	18.4	3.79	4.39	0.0	0.00	56.5	0.0	0.0	14.8	0.000	0.000	1.4585418585	1.447	0.012
20160726	1.3351297168	0.690	0.3	19.1	4.66	5.75	0.0	0.00	52.0	0.1	0.0	13.5	0.000	0.000	1.3351297168	1.324	0.011
20160727	1.2219068491	0.491	0.3	20.4	3.64	4.87	0.0	0.00	48.6	0.1	0.0	12.4	0.000	0.000	1.2219068491	1.212	0.010
20160728	1.1120632189	0.399	0.0	20.5	4.54	6.51	0.0	0.00	44.1	0.0	0.0	11.3	0.000	0.000	1.1120632189	1.103	0.009
20160729	1.0120940100	0.343	0.0	18.9	3.19	5.05	0.0	0.00	40.9	0.0	0.0	10.2	0.000	0.000	1.01209401	1.004	0.008
20160730	0.9211115589	0.270	0.0	16.7	4.26	7.27	0.0	0.00	36.6	0.0	0.0	9.3	0.000	0.000	0.9211115589	0.914	0.007
20160731	0.8383079986	0.238	0.0	16.6	1.64	3.12	0.0	0.00	35.0	0.0	0.0	8.5	0.000	0.000	0.8383079986	0.832	0.007
20160801	1.6310302082	2.084	30.5	14.8	2.69	4.00	0.0	0.00	56.2	6.6	2.3	11.2	0.000	0.5279925255	1.1030376826	1.624	0.007
20160802	1.2128114766	0.970	0.0	17.0	3.57	4.43	0.0	0.00	52.6	0.0	0.0	12.3	0.000	0.000	1.2128114766	1.207	0.006
20160803	1.1037854772	0.535	0.0	18.0	4.82	6.39	0.0	0.00	47.8	0.0	0.0	11.2	0.000	0.000	1.1037854772	1.098	0.005
20160804	1.0045603980	0.368	0.0	18.8	3.98	5.81	0.0	0.00	43.8	0.0	0.0	10.2	0.000	0.000	1.004560398	1.000	0.005
20160805	0.9142551829	0.267	0.0	20.7	2.65	4.22	0.0	0.00	41.2	0.0	0.0	9.3	0.000	0.000	0.9142551829	0.910	0.005
20160806	0.8368252009	0.226	0.3	19.6	3.67	6.21	0.0	0.00	37.7	0.1	0.0	8.5	0.000	0.000	0.8368252009	0.833	0.004
20160807	0.7972786811	0.195	2.5	16.7	3.00	5.39	0.0	0.00	36.8	0.4	0.0	8.1	0.000	0.000	0.7972786811	0.793	0.004
20160808	0.7256071092	0.163	0.0	16.7	3.43	6.51	0.0	0.00	33.4	0.0	0.0	7.3	0.000	0.000	0.7256071092	0.722	0.003
20160809	0.6603784716	0.125	0.0	16.7	3.08	6.43	0.0	0.00	30.3	0.0	0.0	6.7	0.000	0.000	0.6603784716	0.657	0.003
20160810	0.6010135792	0.139	0.0	18.5	1.78	4.09	0.0	0.00	28.5	0.0	0.0	6.1	0.000	0.000	0.6010135792	0.598	0.003
20160811	0.5469853090	0.121	0.0	22.1	2.16	5.28	0.0	0.00	26.4	0.0	0.0	5.5	0.000	0.000	0.546985309	0.544	0.003
20160812	0.5590648628	0.190	6.6	23.1	1.38	3.28	0.0	0.00	30.9	0.7	0.0	5.7	0.000	0.000	0.5590648628	0.557	0.002
20160813	0.6609084900	0.456	11.9	19.7	1.72	3.34	0.0	0.00	39.4	1.7	0.0	6.7	0.000	0.000	0.66090849	0.659	0.002
20160814	0.6239997657	0.533	1.5	21.1	2.51	4.38	0.0	0.00	38.1	0.3	0.0	6.3	0.000	0.000	0.6239997657	0.622	0.002
20160815	0.5679051464	0.246	0.0	18.6	2.44	4.47	0.0	0.00	35.7	0.0	0.0	5.7	0.000	0.000	0.5679051464	0.566	0.002
20160816	2.2249287669	1.591	43.4	16.9	3.02	4.06	0.0	0.00	64.9	11.2	6.0	8.7	0.000	1.3679860026	0.8569427644	2.223	0.002
20160817	2.7626232307	6.765	16.8	17.6	3.74	3.74	0.0	0.00	71.3	6.6	7.2	11.3	0.000	1.6426259593	1.1199972714	2.761	0.002
20160818	2.0731049297	1.217	1.0	18.6	2.46	2.46	0.0	0.00	69.5	0.4	3.1	13.8	0.000	0.7137005039	1.3594044259	2.071	0.002
20160819	1.5196184738	0.748	0.0	18.0	5.39	5.41	0.0	0.00	64.1	0.0	0.0	15.4	0.000	0.000	1.5196184738	1.518	0.002
20160820	1.3830119806	0.514	0.0	18.1	5.21	5.67	0.0	0.00	58.9	0.0	0.0	14.0	0.000	0.000	1.3830119806	1.382	0.001
20160821	2.0886472067	0.680	18.3	19.1	4.61	4.97	0.0	0.00	66.1	6.4	2.2	16.2	0.000	0.4898718465	1.5987753602	2.087	0.001
20160822	2.2800091946	3.195	10.9	12.9	4.73	4.75	0.0	0.00	68.1	4.2	2.1	18.2	0.000	0.4848665593	1.7951426354	2.279	0.001
20160823	1.8256341229	0.995	0.0	14.5	5.44	5.58	0.0	0.00	62.6	0.0	0.0	18.5	0.000	0.000	1.8256341229	1.825	0.001
20160824	1.6615182742	0.659	0.0	18.3	4.44	4.95	0.0	0.00	58.2	0.0	0.0	16.8	0.000	0.000	1.6615182742	1.660	0.001
20160825	1.5121556619	0.537	0.0	19.2	3.29	3.94	0.0	0.00	54.9	0.0	0.0	15.3	0.000	0.000	1.5121556619	1.511	0.001
20160826	1.3762200401	0.459	0.0	19.9	3.34	4.24	0.0	0.00	51.6	0.0	0.0	13.9	0.000	0.000	1.3762200401	1.375	0.001
20160827	1.2525043859	0.361	0.0	18.8	3.76	5.09	0.0	0.00	47.8	0.0	0.0	12.7	0.000	0.000	1.2525043859	1.252	0.001
20160828	1.2247379801	0.363	4.1	19.6	3.83	5.42	0.0	0.00	47.1	0.9	0.0	12.4	0.000	0.000	1.2247379801	1.224	0.001
20160829	1.1204857708	0.363	0.3	16.5	2.75	4.06	0.0	0.00	44.6	0.1	0.0	11.3	0.000	0.000	1.1204857708	1.120	0.001
20160830	1.0197594145	0.285	0.0	16.4	3.07	4.80	0.0	0.00	41.5	0.0	0.0	10.3	0.000	0.000	1.0197594145	1.019	0.001
20160831	1.4284760221	1.028	20.1	17.6	2.31	3.27	0.0	0.00	54.7	4.6	0.7	12.8	0.000	0.1602985453	1.2681774769	1.428	0.001
20160901	1.2420477339	0.813	1.0	15.9	4.63	5.87	0.0	0.00	50.8	0.3	0.0	12.6	0.000	0.000	1.2420477339	1.242	0.001
20160902	1.1303935336	0.455	0.0	14.6	4.08	5.60	0.0	0.00	46.7	0.0	0.0	11.4	0.000	0.000	1.1303935336	1.130	0.000
20160903	1.0287765164	0.329	0.0	14.1	1.95	2.92	0.0	0.00	44.7	0.0	0.0	10.4	0.000	0.000	1.0287765164	1.028	0.000
20160904	0.9362943871	0.261	0.0	15.6	3.13	4.88	0.0	0.00	41.6	0.0	0.0	9.5	0.000	0.000	0.9362943871	0.936	0.000
20160905	0.8521259625	0.213	0.0	17.1	1.85	3.10	0.0	0.00	39.8	0.0	0.0	8.6	0.000	0.000	0.8521259625	0.852	0.000
20160906	0.7755238801	0.176	0.0	18.3	1.29	2.26	0.0	0.00	38.5	0.0	0.0	7.9	0.000	0.000	0.7755238801	0.775	0.000
20160907	0.7058079616	0.147	0.0	19.8	1.91	3.47	0.0	0.00	36.6	0.0	0.0	7.1	0.000	0.000	0.7058079616	0.706	0.000
20160908	0.6624555543	0.172	1.5	19.9	1.61	3.03	0.0	0.00	36.2	0.2	0.0	6.7	0.000	0.000	0.6624555543	0.662	0.000
20160909	0.6133468393	0.166	0.8	19.6	2.40	4.57	0.0	0.00	34.5	0.1	0.0	6.2	0.000	0.000	0.6133468393	0.613	0.000
20160910	0.5582098676	0.120	0.0	18.6	1.76	3.57	0.0	0.00	32.7	0.0	0.0	5.7	0.000	0.000	0.5582098676	0.558	0.000
20160911	0.8039807372	0.820	19.1	13.5	2.44	4.19	0.0	0.00	46.1	3.3	0.0	8.1	0.000	0.000	0.8039807372	0.804	0.000
20160912	0.7373636961	0.290	0.3	12.3	3.14	4.74	0.0	0.00	43.2	0.1	0.0	7.5	0.000	0.000	0.7373636961	0.737	0.000
20160913	0.6710781971	0.169	0.0	15.3	2.86	4.62	0.0	0.00	40.4	0.0	0.0	6.8	0.000	0.000	0.6710781971	0.671	0.000
20160914	0.7068040052	0.306	5.8	13.1	1.74	2.84	0.0	0.00	43.3	1.1	0.0	7.2	0.000	0.000	0.7068040052	0.707	0.000
20160915	0.6484130133	0.224	0.3	9.8	2.43	3.90	0.0	0.00	41.2	0.1	0.0	6.6	0.000	0.000	0.6484130133	0.648	0.000
20160916	0.5901237589	0.149	0.0	11.7	2.46	4.17	0.0	0.00	38.7	0.0	0.0	6.0	0.000	0.000	0.5901237589	0.590	0.000
20160917	0.5741229688	0.116	2.5	14.0	2.30	4.05	0.0	0.00	38.5	0.4	0.0	5.8	0.000	0.000	0.5741229688	0.574	0.000
20160918	0.6225066196	0.306	6.4	18.0	1.47	2.50	0.0	0.00	42.3	1.1	0.0	6.3	0.000	0.000	0.6225066196	0.622	0.000
20160919	0.5797700262	0.234	0.8	17.3	1.01	1.65	0.0	0.00	41.9	0.1	0.0	5.9	0.000	0.000	0.5797700262	0.580	0.000
20160920	0.5276514507	0.183	0.0	18.6	2.45	4.07	0.0	0.00	39.5	0.0	0.0	5.3	0.000	0.000	0.5276514507	0.528	0.000
20160921	0.4802180879	0.113	0.0	15.9	2.81	4.97	0.0	0.00	36.7	0.0	0.0	4.9	0.000	0.000	0.4802180879	0.480	0.000
20160922	0.4370487595	0.089	0.0	17.0	2.17	4.13	0.0	0.00	34.5	0.0	0.0	4.4	0.000	0.000	0.4370487595	0.437	0.000
20160923	0.6852594830	0.736	17.8	11.7	2.17	3.62	0.0	0.00	46.9	3.2	0.0	6.9	0.000	0.000	0.685259483	0.685	0.000
20160924	0.6529697018	0.335	1.5	8.1	2.80	4.12	0.0	0.00	45.3	0.3	0.0	6.6	0.000	0.000	0.6529697018	0.653	0.000
20160925	0.5942708226	0.225	0.0	6.2	2.97	4.57	0.0	0.00	42.3	0.0	0.0	6.0	0.000	0.000	0.5942708226	0.594	0.000
20160926	0.5408486943	0.197	0.0	8.1	2.38	3.92	0.0	0.00	40.0	0.0	0.0	5.5	0.000	0.000	0.5408486943	0.541	0.000
20160927	0.5574933564	0.240	4.1	12.3	2.26	3.79	0.0	0.00	41.1	0.7	0.0	5.6	0.000	0.000	0.5574933564	0.557	0.000
20160928	0.5152817825	0.176	0.5	12.6	2.63	4.44	0.0	0.00	38.9	0.1	0.0	5.2	0.000	0.000	0.5152817825	0.515	0.000
20160929	0.4689603943	0.149	0.0	10.7	2.35	4.22	0.0	0.00	36.5	0.0	0.0	4.7	0.000	0.000	0.4689603943	0.469	0.000
20160930	0.4268030791	0.122	0.0	8.7	0.96	1.84	0.0	0.00	35.5	0.0	0.0	4.3	0.000	0.000	0.4268030791	0.427	0.000
20161001	0.3884355066	0.138	0.0	8.7	1.16	2.27	0.0	0.00	34.4	0.0	0.0	3.9	0.000	0.000	0.3884355066	0.388	0.000
20161002	0.3535169969	0.170	0.0	9.8	0.83	1.68	0.0	0.00	33.6	0.0	0.0	3.6	0.000	0.000	0.3535169969	0.353	0.000
20161003	0.3750549145	0.207	4.3	11.7	0.97	1.91	0.0	0.00	36.3	0.6	0.0	3.8	0.000	0.000	0.3750549145	0.375	0.000
20161004	0.3413392566	0.195	0.0	11.6	0.99	1.90	0.0	0.00	35.3	0.0	0.0	3.5	0.000	0.000	0.3413392566	0.341	0.000
20161005	0.3106544764	0.163	0.0	12.1	1.16	2.30	0.0	0.00	34.2	0.0	0.0	3.1	0.000	0.000	0.3106544764	0.311	0.000
20161006	0.2863081008	0.156	0.3	12.7	1.36	2.77	0.0	0.00	33.0	0.0	0.0	2.9	0.000	0.000	0.2863081008	0.286	0.000
20161007	0.2639758617	0.139	0.3	15.1	0.97	2.04	0.0	0.00	32.3	0.0	0.0	2.7	0.000	0.000	0.2639758617	0.264	0.000
20161008	0.2402456838	0.135	0.0	13.7	0.83	1.80	0.0	0.00	31.5	0.0	0.0	2.4	0.000	0.000	0.2402456838	0.240	0.000
20161009	0.2186487363	0.140	0.0	8.0	0.54	1.19	0.0	0.00	31.0	0.0	0.0	2.2	0.000	0.000	0.2186487363	0.219	0.000
20161010	0.1989932519	0.140	0.0	4.4	0.92	2.07	0.0	0.00	30.0	0.0	0.0	2.0	0.000	0.000	0.1989932519	0.199	0.000
20161011	0.1811047024	0.142	0.0	8.4	0.93	2.16	0.0	0.00	29.1	0.0	0.0	1.8	0.000	0.000	0.1811047024	0.181	0.000
20161012	0.1648242487	0.129	0.0	12.7	0.98	2.34	0.0	0.00	28.1	0.0	0.0	1.7	0.000	0.000	0.1648242487	0.165	0.000
20161013	0.1635548395	0.125	1.5	9.8	0.65	1.58	0.0	0.00	28.8	0.2	0.0	1.7	0.000	0.000	0.1635548395	0.164	0.000
20161014	0.1488520351	0.136	0.0	4.7	0.72	1.74	0.0	0.00	28.1	0.0	0.0	1.5	0.000	0.000	0.1488520351	0.149	0.000
20161015	0.1354709432	0.132	0.0	5.8	0.87	2.16	0.0	0.00	27.2	0.0	0.0	1.4	0.000	0.000	0.1354709432	0.135	0.000
20161016	0.1679158396	0.158	4.8	10.2	0.89	2.11	0.0	0.00	30.7	0.5	0.0	1.7	0.000	0.000	0.1679158396	0.168	0.000
20161017	0.1558591784	0.221	0.3	14.3	1.01	2.30	0.0	0.00	29.9	0.0	0.0	1.6	0.000	0.000	0.1558591784	0.156	0.000
20161018	0.1418481775	0.168	0.0	13.1	0.47	1.09	0.0	0.00	29.5	0.0	0.0	1.4	0.000	0.000	0.1418481775	0.142	0.000
20161019	0.1338583450	0.186	0.5	11.6	0.86	2.01	0.0	0.00	29.0	0.1	0.0	1.4	0.000	0.000	0.133858345	0.134	0.000
20161020	0.1511232712	0.223	3.0	8.6	0.58	1.33	0.0	0.00	31.1	0.3	0.0	1.5	0.000	0.000	0.1511232712	0.151	0.000
20161021	1.8218471335	2.887	46.5	12.0	0.94	1.34	0.0	0.00	65.7	11.0	5.9	4.8	0.000	1.3442195305	0.477627603	1.822	0.000
20161022	3.3206961791	4.492	27.2	5.7	1.12	1.12	0.0	0.00	80.1	11.6	11.2	7.8	0.000	2.5459154352	0.7747807439	3.321	0.000
20161023	2.6005357035	1.951	2.0	1.4	0.92	0.92	0.0	0.00	80.2	1.0	6.8	10.6	0.000	1.5553144766	1.0452212269	2.601	0.000
20161024	1.8584022953	1.316	7.1	1.0	1.97	1.97	4.0	1.00	78.2	0.0	2.5	13.1	0.000	0.5670519022	1.2913503931	1.858	0.000
20161025	1.3996519333	1.072	0.3	-0.1	0.00	1.54	4.2	1.00	78.2	0.0	0.0	14.2	0.000	0.000	1.3996519333	1.400	0.000
20161026	1.2738298631	0.907	0.0	-0.9	0.00	1.44	4.2	1.00	78.2	0.0	0.0	12.9	0.000	0.000	1.2738298631	1.274	0.000
20161027	1.1593186002	0.804	11.2	-0.9	0.00	1.05	10.5	1.00	78.2	0.0	0.0	11.7	0.000	0.000	1.1593186002	1.159	0.000
20161028	1.8261884773	1.843	11.9	1.6	0.00	0.97	10.1	1.00	84.4	6.1	1.9	14.1	0.000	0.4309975235	1.3951909537	1.816	0.011
20161029	3.5360546333	3.742	13.7	3.1	0.00	1.72	2.3	1.00	93.7	12.3	8.5	16.3	0.000	1.9261951319	1.6098595014	3.374	0.162
20161030	3.0503381302	3.149	1.0	3.4	0.00	1.04	0.0	0.00	94.9	2.0	5.5	18.3	0.000	1.2451077654	1.8052303648	2.906	0.144
20161031	2.2973090402	1.921	1.5	-0.5	1.32	1.32	0.8	1.00	93.6	0.0	1.4	20.1	0.000	0.3142707259	1.9830383143	2.202	0.095
20161101	1.9291324822	1.482	0.0	1.0	0.00	0.84	0.8	1.00	93.6	0.0	0.0	19.5	0.000	0.000	1.9291324822	1.855	0.075
20161102	1.8582811025	1.382	1.0	8.7	0.00	1.50	0.0	0.00	94.3	1.1	0.0	18.8	0.000	0.000	1.8582811025	1.780	0.079
20161103	3.4487217578	3.653	17.5	6.8	1.05	1.05	0.0	0.00	99.3	11.4	6.2	20.6	0.000	1.4174017155	2.0313200423	3.223	0.226
20161104	2.6434731840	2.362	2.5	0.2	1.26	1.26	1.4	1.00	98.0	0.0	2.0	22.2	0.000	0.4546695819	2.1888036021	2.481	0.162
20161105	2.1719576055	1.837	0.5	-0.9	0.00	1.51	1.7	1.00	98.0	0.0	0.0	22.0	0.000	0.000	2.1719576055	2.045	0.127
20161106	1.9767089183	1.745	2.3	1.1	0.00	1.60	3.0	1.00	98.0	0.0	0.0	20.0	0.000	0.000	1.9767089183	1.861	0.116
20161107	1.9568638434	1.577	0.0	2.0	0.00	1.53	0.3	1.00	98.9	1.8	0.0	19.8	0.000	0.000	1.9568638434	1.834	0.123
20161108	1.8018075650	1.460	0.0	5.9	0.00	1.66	0.0	0.00	99.0	0.2	0.0	18.2	0.000	0.000	1.801807565	1.688	0.114
20161109	1.6579621618	1.394	0.3	4.0	0.95	0.95	0.0	0.00	98.2	0.2	0.0	16.8	0.000	0.000	1.6579621618	1.552	0.106
20161110	1.5089192272	1.322	0.0	1.9	1.35	1.35	0.0	0.00	96.8	0.0	0.0	15.3	0.000	0.000	1.5089192272	1.412	0.097
20161111	1.3732745455	1.636	6.9	1.3	0.94	0.94	3.9	1.00	95.9	0.0	0.0	13.9	0.000	0.000	1.3732745455	1.285	0.088
20161112	1.2498236773	1.396	0.0	-1.5	0.00	1.30	3.9	1.00	95.9	0.0	0.0	12.7	0.000	0.000	1.2498236773	1.170	0.080
20161113	1.3630113313	1.276	0.0	3.8	0.00	1.49	0.0	0.00	97.3	2.5	0.0	13.8	0.000	0.000	1.3630113313	1.257	0.106
20161114	1.2404830774	1.194	0.0	5.9	1.56	1.56	0.0	0.00	95.7	0.0	0.0	12.6	0.000	0.000	1.2404830774	1.144	0.097
20161115	1.4367486643	1.280	5.3	6.7	1.24	1.24	0.0	0.00	96.3	3.4	0.0	14.5	0.000	0.000	1.4367486643	1.305	0.132
20161116	1.8088885004	2.137	7.1	7.0	0.98	0.98	0.0	0.00	97.8	4.7	0.7	16.7	0.000	0.1612071295	1.6476813709	1.623	0.186
20161117	1.5811406352	1.639	0.3	4.5	0.81	0.81	0.0	0.00	97.1	0.2	0.0	16.0	0.000	0.000	1.5811406352	1.421	0.161
20161118	1.4390035914	1.379	0.0	5.8	1.22	1.22	0.0	0.00	95.9	0.0	0.0	14.6	0.000	0.000	1.4390035914	1.293	0.146
20161119	1.3096439938	1.267	0.0	7.1	1.07	1.07	0.0	0.00	94.8	0.0	0.0	13.3	0.000	0.000	1.3096439938	1.177	0.133
20161120	1.1919132104	1.552	13.0	0.6	0.69	0.69	7.3	1.00	94.1	0.0	0.0	12.1	0.000	0.000	1.1919132104	1.071	0.121
20161121	1.0847658660	1.462	4.8	-4.3	0.00	1.25	10.0	1.00	94.1	0.0	0.0	11.0	0.000	0.000	1.084765866	0.975	0.110
20161122	0.9872505597	1.288	1.0	-4.6	0.00	1.08	10.6	1.00	94.1	0.0	0.0	10.0	0.000	0.000	0.9872505597	0.887	0.100
20161123	0.8985014169	1.220	0.0	-4.0	0.00	0.94	10.6	1.00	94.1	0.0	0.0	9.1	0.000	0.000	0.8985014169	0.807	0.091
20161124	0.8177304011	1.206	4.3	-3.0	0.00	0.38	13.0	1.00	94.1	0.0	0.0	8.3	0.000	0.000	0.8177304011	0.735	0.083
20161125	0.7442203165	1.205	2.5	-0.8	0.00	0.52	14.4	1.00	94.1	0.0	0.0	7.5	0.000	0.000	0.7442203165	0.669	0.076
20161126	0.6773184399	1.284	0.8	0.9	0.00	0.48	14.9	1.00	94.1	0.0	0.0	6.9	0.000	0.000	0.6773184399	0.609	0.069
20161127	0.6164307247	1.335	0.3	-2.1	0.00	1.19	15.0	1.00	94.1	0.0	0.0	6.2	0.000	0.000	0.6164307247	0.554	0.063
20161128	0.5610165263	1.177	0.3	-4.0	0.00	1.05	15.2	1.00	94.1	0.0	0.0	5.7	0.000	0.000	0.5610165263	0.504	0.057
20161129	0.5105838015	3.182	19.3	-3.0	0.00	0.29	26.1	1.00	94.1	0.0	0.0	5.2	0.000	0.000	0.5105838015	0.459	0.052
20161130	0.6667193045	4.084	4.1	1.8	0.00	0.22	26.6	1.00	95.5	2.2	0.0	6.7	0.000	0.000	0.6667193045	0.592	0.075
20161201	3.2404809086	7.248	15.5	3.3	0.00	0.65	18.2	1.00	103.2	16.2	10.1	9.6	0.000	2.2936069102	0.9468739983	2.707	0.533
20161202	2.3705155913	4.211	6.1	0.7	0.00	0.72	21.6	1.00	103.2	0.0	5.1	12.2	0.000	1.1686714773	1.201844114	1.987	0.383
20161203	1.6858779659	3.390	7.1	-2.2	0.00	1.31	25.6	1.00	103.2	0.0	1.1	14.5	0.000	0.2519843404	1.4338936255	1.420	0.265
20161204	1.4047059829	2.945	0.0	-5.7	0.00	1.15	25.6	1.00	103.2	0.0	0.0	14.2	0.000	0.000	1.4047059829	1.186	0.219
20161205	1.2784295775	2.708	7.1	-6.1	0.00	0.85	29.6	1.00	103.2	0.0	0.0	12.9	0.000	0.000	1.2784295775	1.079	0.199
20161206	1.1635048221	2.507	1.8	-3.1	0.00	0.95	30.6	1.00	103.2	0.0	0.0	11.8	0.000	0.000	1.1635048221	0.982	0.181
20161207	1.0589112571	2.439	2.8	-2.8	0.00	1.20	32.2	1.00	103.2	0.0	0.0	10.7	0.000	0.000	1.0589112571	0.894	0.165
20161208	0.9637201575	2.369	0.8	-2.1	0.00	0.41	32.6	1.00	103.2	0.0	0.0	9.8	0.000	0.000	0.9637201575	0.814	0.150
20161209	0.8770862863	2.236	5.3	-8.1	0.00	0.68	35.6	1.00	103.2	0.0	0.0	8.9	0.000	0.000	0.8770862863	0.741	0.137
20161210	0.7982403892	2.098	0.3	-12.6	0.00	0.74	35.8	1.00	103.2	0.0	0.0	8.1	0.000	0.000	0.7982403892	0.674	0.124
20161211	0.7264823642	2.008	0.5	-11.5	0.00	0.65	36.1	1.00	103.2	0.0	0.0	7.4	0.000	0.000	0.7264823642	0.613	0.113
20161212	0.6611750454	1.916	16.3	-5.5	0.00	0.33	45.3	1.00	103.2	0.0	0.0	6.7	0.000	0.000	0.6611750454	0.558	0.103
20161213	0.6017385448	1.814	0.8	-3.4	0.00	0.88	45.7	1.00	103.2	0.0	0.0	6.1	0.000	0.000	0.6017385448	0.508	0.094
20161214	0.5476451036	1.784	1.8	-8.4	0.00	0.64	46.7	1.00	103.2	0.0	0.0	5.5	0.000	0.000	0.5476451036	0.462	0.085
20161215	0.4984144063	1.704	2.3	-16.3	0.00	0.54	48.0	1.00	103.2	0.0	0.0	5.0	0.000	0.000	0.4984144063	0.421	0.078
20161216	0.4536093152	1.639	0.0	-22.0	0.00	0.95	48.0	1.00	103.2	0.0	0.0	4.6	0.000	0.000	0.4536093152	0.383	0.071
20161217	0.4128319892	1.588	8.1	-11.0	0.00	0.60	52.6	1.00	103.2	0.0	0.0	4.2	0.000	0.000	0.4128319892	0.349	0.064
20161218	0.3757203514	5.114	19.8	-6.9	0.00	1.02	63.8	1.00	103.2	0.0	0.0	3.8	0.000	0.000	0.3757203514	0.317	0.059
20161219	0.3419448739	2.712	0.0	-16.7	0.00	0.82	63.8	1.00	103.2	0.0	0.0	3.5	0.000	0.000	0.3419448739	0.289	0.053
20161220	0.3112056516	2.109	0.0	-14.1	0.00	0.36	63.8	1.00	103.2	0.0	0.0	3.2	0.000	0.000	0.3112056516	0.263	0.048
20161221	0.2832297395	1.829	0.0	-5.1	0.00	0.58	63.8	1.00	103.2	0.0	0.0	2.9	0.000	0.000	0.2832297395	0.239	0.044
20161222	0.2577687293	1.712	3.0	-2.8	0.00	0.24	65.4	1.00	103.2	0.0	0.0	2.6	0.000	0.000	0.2577687293	0.218	0.040
20161223	0.2345965431	1.629	0.3	-2.2	0.00	1.01	65.6	1.00	103.2	0.0	0.0	2.4	0.000	0.000	0.2345965431	0.198	0.037
20161224	0.2135074266	1.599	3.3	-2.6	0.00	1.04	67.5	1.00	103.2	0.0	0.0	2.2	0.000	0.000	0.2135074266	0.180	0.033
20161225	0.1943141216	1.515	1.0	-8.0	0.00	1.27	68.0	1.00	103.2	0.0	0.0	2.0	0.000	0.000	0.1943141216	0.164	0.030
20161226	0.1768462037	1.499	2.3	-8.4	0.00	1.48	69.3	1.00	103.2	0.0	0.0	1.8	0.000	0.000	0.1768462037	0.149	0.028
20161227	0.1609485688	2.544	7.1	0.7	0.00	0.74	73.3	1.00	103.2	0.0	0.0	1.6	0.000	0.000	0.1609485688	0.136	0.025
20161228	0.1464800558	1.938	0.5	-6.9	0.00	0.69	73.6	1.00	103.2	0.0	0.0	1.5	0.000	0.000	0.1464800558	0.124	0.023
20161229	0.1333121936	1.669	10.2	-5.6	0.00	0.26	79.4	1.00	103.2	0.0	0.0	1.3	0.000	0.000	0.1333121936	0.113	0.021
20161230	0.1213280597	1.556	11.7	-7.6	0.00	1.10	86.0	1.00	103.2	0.0	0.0	1.2	0.000	0.000	0.1213280597	0.102	0.019
20161231	0.1104212426	1.470	3.8	-11.1	0.00	0.60	88.1	1.00	103.2	0.0	0.0	1.1	0.000	0.000	0.1104212426	0.093	0.017
20170101	0.1004948966	1.400	4.8	-5.6	0.00	0.77	90.8	1.00	103.2	0.0	0.0	1.0	0.000	0.000	0.1004948966	0.085	0.016
20170102	0.0914608820	1.375	0.0	-5.1	0.00	0.84	90.8	1.00	103.2	0.0	0.0	0.9	0.000	0.000	0.091460882	0.077	0.014
20170103	0.0832389825	1.380	3.6	-3.8	0.00	0.53	92.8	1.00	103.2	0.0	0.0	0.8	0.000	0.000	0.0832389825	0.070	0.013
20170104	0.0757561928	1.661	8.1	-2.4	0.00	0.76	97.4	1.00	103.2	0.0	0.0	0.8	0.000	0.000	0.0757561928	0.064	0.012
20170105	0.0689460704	1.519	1.5	-7.9	0.00	1.25	98.2	1.00	103.2	0.0	0.0	0.7	0.000	0.000	0.0689460704	0.058	0.011
20170106	0.0627481457	1.404	0.5	-11.2	0.00	0.64	98.5	1.00	103.2	0.0	0.0	0.6	0.000	0.000	0.0627481457	0.053	0.010
20170107	0.0571073850	1.323	0.0	-13.2	0.00	0.70	98.5	1.00	103.2	0.0	0.0	0.6	0.000	0.000	0.057107385	0.048	0.009
20170108	0.0519737019	1.271	0.5	-16.6	0.00	0.85	98.8	1.00	103.2	0.0	0.0	0.5	0.000	0.000	0.0519737019	0.044	0.008
20170109	0.0473015126	1.208	0.0	-18.9	0.00	0.59	98.8	1.00	103.2	0.0	0.0	0.5	0.000	0.000	0.0473015126	0.040	0.007
20170110	0.0430493310	1.118	1.5	-9.8	0.00	0.37	99.6	1.00	103.2	0.0	0.0	0.4	0.000	0.000	0.043049331	0.036	0.007
20170111	0.0391794003	1.084	6.1	2.0	0.00	1.44	105.7	1.00	103.2	0.0	0.0	0.4	0.000	0.000	0.0391794003	0.033	0.006
20170112	1.7459119478	2.256	6.4	3.5	0.00	0.35	97.0	1.00	107.2	11.2	6.0	3.8	0.000	1.3701649927	0.3757469551	1.372	0.374
20170113	1.0982360147	3.207	1.8	-5.7	0.00	1.53	98.0	1.00	107.2	0.0	1.8	6.9	0.000	0.4161773316	0.6820586831	0.864	0.235
20170114	0.7854301597	1.876	0.3	-15.0	0.00	0.87	98.1	1.00	107.2	0.0	0.0	8.0	0.000	0.000	0.7854301597	0.618	0.167
20170115	0.7148237136	1.557	0.5	-11.0	0.00	0.73	98.4	1.00	107.2	0.0	0.0	7.2	0.000	0.000	0.7148237136	0.563	0.152
20170116	0.6505644522	1.430	0.0	-8.3	0.00	0.51	98.4	1.00	107.2	0.0	0.0	6.6	0.000	0.000	0.6505644522	0.512	0.139
20170117	0.5920817935	1.395	2.0	-4.8	0.00	1.26	99.6	1.00	107.2	0.0	0.0	6.0	0.000	0.000	0.5920817935	0.466	0.126
20170118	0.5388564485	1.369	4.1	-2.4	0.00	0.40	101.9	1.00	107.2	0.0	0.0	5.5	0.000	0.000	0.5388564485	0.424	0.115
20170119	0.4904158096	1.326	2.0	-1.4	0.00	0.67	103.0	1.00	107.2	0.0	0.0	5.0	0.000	0.000	0.4904158096	0.386	0.105
20170120	0.4463297544	1.265	0.3	-1.5	0.00	0.91	103.2	1.00	107.2	0.0	0.0	4.5	0.000	0.000	0.4463297544	0.351	0.095
20170121	0.4062068264	1.244	0.8	-0.2	0.00	0.90	103.6	1.00	107.2	0.0	0.0	4.1	0.000	0.000	0.4062068264	0.320	0.087
20170122	0.3696907593	1.254	1.3	0.7	0.00	1.01	104.3	1.00	107.2	0.0	0.0	3.7	0.000	0.000	0.3696907593	0.291	0.079
20170123	0.3364573135	1.298	0.8	-2.3	0.00	1.07	104.8	1.00	107.2	0.0	0.0	3.4	0.000	0.000	0.3364573135	0.265	0.072
20170124	0.3062113969	1.567	21.6	-2.0	0.00	0.98	117.0	1.00	107.2	0.0	0.0	3.1	0.000	0.000	0.3062113969	0.241	0.065
20170125	0.2786844446	1.498	0.8	-3.9	0.00	1.19	117.4	1.00	107.2	0.0	0.0	2.8	0.000	0.000	0.2786844446	0.219	0.059
20170126	0.2536320349	1.902	8.1	0.4	0.00	0.78	122.0	1.00	107.2	0.0	0.0	2.6	0.000	0.000	0.2536320349	0.200	0.054
20170127	0.2308317179	1.791	13.7	-3.7	0.00	1.47	129.7	1.00	107.2	0.0	0.0	2.3	0.000	0.000	0.2308317179	0.182	0.049
20170128	0.2100810413	1.569	2.3	-3.5	0.00	1.33	131.0	1.00	107.2	0.0	0.0	2.1	0.000	0.000	0.2100810413	0.165	0.045
20170129	0.1911957521	1.462	2.0	-3.4	0.00	1.00	132.1	1.00	107.2	0.0	0.0	1.9	0.000	0.000	0.1911957521	0.150	0.041
20170130	0.1740081608	1.415	1.5	-11.3	0.00	1.16	133.0	1.00	107.2	0.0	0.0	1.8	0.000	0.000	0.1740081608	0.137	0.037
20170131	0.1583656525	1.349	0.0	-13.2	0.00	0.95	133.0	1.00	107.2	0.0	0.0	1.6	0.000	0.000	0.1583656525	0.125	0.034
20170201	0.1441293315	1.268	2.8	-8.3	0.00	0.76	134.5	1.00	107.2	0.0	0.0	1.5	0.000	0.000	0.1441293315	0.113	0.031
20170202	0.1311727882	1.215	1.3	-8.2	0.00	0.85	135.3	1.00	107.2	0.0	0.0	1.3	0.000	0.000	0.1311727882	0.103	0.028
20170203	0.1193809767	1.171	2.8	-9.7	0.00	0.43	136.9	1.00	107.2	0.0	0.0	1.2	0.000	0.000	0.1193809767	0.094	0.025
20170204	0.1086491931	1.123	1.8	-10.3	0.00	0.93	137.9	1.00	107.2	0.0	0.0	1.1	0.000	0.000	0.1086491931	0.085	0.023
20170205	0.0988821460	1.086	1.5	-7.0	0.00	0.87	138.7	1.00	107.2	0.0	0.0	1.0	0.000	0.000	0.098882146	0.078	0.021
20170206	0.0899931100	1.073	3.8	-9.8	0.00	0.98	140.9	1.00	107.2	0.0	0.0	0.9	0.000	0.000	0.08999311	0.071	0.019
20170207	0.0819031563	1.058	12.4	-8.4	0.00	0.48	147.8	1.00	107.2	0.0	0.0	0.8	0.000	0.000	0.0819031563	0.064	0.017
20170208	0.0745404510	1.233	6.1	-1.1	0.00	0.79	151.3	1.00	107.2	0.0	0.0	0.8	0.000	0.000	0.074540451	0.059	0.016
20170209	0.0678396180	1.153	5.6	-13.0	0.00	0.50	154.4	1.00	107.2	0.0	0.0	0.7	0.000	0.000	0.067839618	0.053	0.014
20170210	0.0617411581	1.103	1.8	-17.8	0.00	0.54	155.5	1.00	107.2	0.0	0.0	0.6	0.000	0.000	0.0617411581	0.049	0.013
20170211	0.0561909208	1.056	1.8	-13.6	0.00	0.30	156.5	1.00	107.2	0.0	0.0	0.6	0.000	0.000	0.0561909208	0.044	0.012
20170212	0.0511396236	1.016	17.0	-10.8	0.00	0.35	166.1	1.00	107.2	0.0	0.0	0.5	0.000	0.000	0.0511396236	0.040	0.011
20170213	0.0465424140	0.999	5.3	-7.2	0.00	0.49	169.0	1.00	107.2	0.0	0.0	0.5	0.000	0.000	0.046542414	0.037	0.010
20170214	0.0423584717	0.961	5.6	-8.2	0.00	0.67	172.2	1.00	107.2	0.0	0.0	0.4	0.000	0.000	0.0423584717	0.033	0.009
20170215	0.0385506460	0.919	6.1	-4.5	0.00	0.30	175.6	1.00	107.2	0.0	0.0	0.4	0.000	0.000	0.038550646	0.030	0.008
20170216	0.0350851258	0.920	5.3	-6.0	0.00	0.39	178.6	1.00	107.2	0.0	0.0	0.4	0.000	0.000	0.0350851258	0.028	0.007
20170217	0.0319311394	0.919	1.3	-7.1	0.00	1.21	179.3	1.00	107.2	0.0	0.0	0.3	0.000	0.000	0.0319311394	0.025	0.007
20170218	0.0290606814	0.916	0.0	-3.1	0.00	1.16	179.3	1.00	107.2	0.0	0.0	0.3	0.000	0.000	0.0290606814	0.023	0.006
20170219	0.0264482640	1.334	0.0	3.8	0.00	1.58	179.3	1.00	107.2	0.0	0.0	0.3	0.000	0.000	0.026448264	0.021	0.006
20170220	0.0240706905	1.259	0.0	-3.8	0.00	0.87	179.3	1.00	107.2	0.0	0.0	0.2	0.000	0.000	0.0240706905	0.019	0.005
20170221	0.0219068496	1.109	0.3	-4.1	0.00	1.11	179.5	1.00	107.2	0.0	0.0	0.2	0.000	0.000	0.0219068496	0.017	0.005
20170222	0.2320392886	1.144	0.0	4.3	0.00	1.45	176.4	1.00	108.0	2.4	0.0	2.3	0.000	0.000	0.2320392886	0.177	0.055
20170223	3.2326559380	2.027	0.0	6.7	0.00	1.00	153.4	1.00	112.7	18.3	11.8	5.6	0.000	2.6813862838	0.5512696542	2.060	1.172
20170224	4.0038935263	3.357	0.8	3.7	0.00	0.34	143.2	1.00	114.6	9.1	13.9	8.5	0.000	3.1620908023	0.841802724	2.463	1.541
20170225	8.7993738990	8.691	19.3	5.3	0.00	0.41	126.3	1.00	119.4	31.4	33.9	11.2	0.000	7.6931556502	1.1062182488	4.981	3.818
20170226	6.9155186334	8.663	4.1	-4.7	0.00	1.30	128.6	1.00	119.4	0.0	24.5	13.6	0.000	5.5686545613	1.3468640721	3.924	2.992
20170227	5.4033185607	4.705	0.8	-2.9	0.00	1.37	129.1	1.00	119.4	0.0	16.9	15.9	0.000	3.8374415834	1.5658769772	3.074	2.329
20170228	4.1919127956	3.766	0.3	1.3	0.00	1.26	129.4	1.00	119.4	0.0	10.7	17.9	0.000	2.4267111347	1.765201661	2.393	1.799
20170301	6.4037306388	7.047	9.1	4.1	0.00	0.66	119.5	1.00	121.2	17.2	19.6	19.7	0.000	4.4571226378	1.946608001	3.523	2.881
20170302	5.0433834668	9.705	5.8	-3.1	0.00	0.59	122.8	1.00	121.2	0.0	12.9	21.4	0.000	2.9316766953	2.1117067716	2.785	2.259
20170303	3.9505855884	5.714	0.0	-11.0	0.00	0.69	122.8	1.00	121.2	0.0	7.4	22.9	0.000	1.6886216428	2.2619639457	2.191	1.760
20170304	3.0743949288	4.437	1.8	-16.5	0.00	0.48	123.8	1.00	121.2	0.0	3.0	24.3	0.000	0.6756812163	2.3987137125	1.714	1.361
20170305	2.4504541924	3.799	0.0	-13.3	0.00	0.90	123.8	1.00	121.2	0.0	0.0	24.8	0.000	0.000	2.4504541924	1.373	1.078
20170306	2.2301699830	3.523	0.3	-7.5	0.00	0.94	123.9	1.00	121.2	0.0	0.0	22.6	0.000	0.000	2.230169983	1.250	0.981
20170307	2.0296882792	3.396	4.3	-1.0	0.00	0.21	126.4	1.00	121.2	0.0	0.0	20.5	0.000	0.000	2.0296882792	1.137	0.892
20170308	2.3279119214	4.642	6.4	3.9	0.00	1.15	127.8	1.00	121.6	4.5	0.6	22.1	0.000	0.1405933946	2.1873185268	1.285	1.043
20170309	2.0463231053	3.849	6.1	-3.0	0.00	1.18	131.3	1.00	121.6	0.0	0.0	20.7	0.000	0.000	2.0463231053	1.132	0.915
20170310	1.8623683639	3.300	2.8	-9.0	0.00	0.54	132.8	1.00	121.6	0.0	0.0	18.9	0.000	0.000	1.8623683639	1.030	0.833
20170311	1.6949502812	2.960	0.8	-19.8	0.00	0.70	133.3	1.00	121.6	0.0	0.0	17.2	0.000	0.000	1.6949502812	0.937	0.758
20170312	1.5425822900	2.586	0.0	-16.5	0.00	1.08	133.3	1.00	121.6	0.0	0.0	15.6	0.000	0.000	1.54258229	0.853	0.690
20170313	1.4039114586	2.328	0.0	-13.2	0.00	1.41	133.3	1.00	121.6	0.0	0.0	14.2	0.000	0.000	1.4039114586	0.776	0.628
20170314	1.2777064773	2.261	34.3	-9.9	0.00	0.45	152.6	1.00	121.6	0.0	0.0	12.9	0.000	0.000	1.2777064773	0.707	0.571
20170315	1.1628467251	2.166	8.9	-9.4	0.00	0.27	157.6	1.00	121.6	0.0	0.0	11.8	0.000	0.000	1.1628467251	0.643	0.520
20170316	1.0583123199	2.038	2.8	-9.7	0.00	1.05	159.2	1.00	121.6	0.0	0.0	10.7	0.000	0.000	1.0583123199	0.585	0.473
20170317	0.9631750619	1.945	1.5	-8.5	0.00	0.99	160.0	1.00	121.6	0.0	0.0	9.8	0.000	0.000	0.9631750619	0.533	0.431
20170318	0.8765901922	1.869	0.0	-5.7	0.00	0.98	160.0	1.00	121.6	0.0	0.0	8.9	0.000	0.000	0.8765901922	0.485	0.392
20170319	0.7977888916	1.825	0.0	-3.1	0.00	1.17	160.0	1.00	121.6	0.0	0.0	8.1	0.000	0.000	0.7977888916	0.441	0.357
20170320	0.7260714541	1.843	0.0	-0.6	0.00	1.31	160.0	1.00	121.6	0.0	0.0	7.4	0.000	0.000	0.7260714541	0.401	0.325
20170321	0.6608010742	1.806	0.0	0.8	0.00	1.21	160.0	1.00	121.6	0.0	0.0	6.7	0.000	0.000	0.6608010742	0.365	0.295
20170322	0.6013981918	1.687	3.3	-8.8	0.00	1.13	161.9	1.00	121.6	0.0	0.0	6.1	0.000	0.000	0.6013981918	0.333	0.269
20170323	0.5473353468	1.582	0.0	-10.2	0.00	0.99	161.9	1.00	121.6	0.0	0.0	5.5	0.000	0.000	0.5473353468	0.303	0.245
20170324	0.4981324951	1.571	10.4	-6.1	0.00	0.38	167.8	1.00	121.6	0.0	0.0	5.0	0.000	0.000	0.4981324951	0.275	0.223
20170325	0.4533527464	1.515	0.5	-4.5	0.00	0.43	168.0	1.00	121.6	0.0	0.0	4.6	0.000	0.000	0.4533527464	0.251	0.203
20170326	0.4125984848	1.503	0.3	-2.8	0.00	1.24	168.2	1.00	121.6	0.0	0.0	4.2	0.000	0.000	0.4125984848	0.228	0.184
20170327	0.3755078380	1.841	10.4	-0.3	0.00	0.50	174.1	1.00	121.6	0.0	0.0	3.8	0.000	0.000	0.375507838	0.208	0.168
20170328	0.3417514644	2.141	1.5	2.7	0.00	0.26	175.6	1.00	121.6	0.0	0.0	3.5	0.000	0.000	0.3417514644	0.189	0.153
20170329	0.3110296286	2.051	1.0	-0.3	0.00	0.93	176.1	1.00	121.6	0.0	0.0	3.1	0.000	0.000	0.3110296286	0.172	0.139
20170330	0.2830695402	1.816	0.0	0.7	0.00	1.91	176.1	1.00	121.6	0.0	0.0	2.9	0.000	0.000	0.2830695402	0.157	0.127
20170331	0.2576229312	1.761	11.7	0.3	0.00	1.40	182.7	1.00	121.6	0.0	0.0	2.6	0.000	0.000	0.2576229312	0.142	0.115
20170401	0.2344638516	1.659	16.0	0.7	0.00	0.60	191.8	1.00	121.6	0.0	0.0	2.4	0.000	0.000	0.2344638516	0.130	0.105
20170402	0.2133866634	1.886	0.3	2.6	0.00	0.74	192.1	1.00	121.6	0.0	0.0	2.2	0.000	0.000	0.2133866634	0.118	0.095
20170403	0.1942042144	2.019	0.0	2.6	0.00	1.20	192.1	1.00	121.6	0.0	0.0	2.0	0.000	0.000	0.1942042144	0.107	0.087
20170404	0.1767461767	2.412	10.4	1.1	0.00	0.39	197.9	1.00	121.6	0.0	0.0	1.8	0.000	0.000	0.1767461767	0.098	0.079
20170405	0.3195899624	2.592	2.0	1.6	0.00	0.79	198.0	1.00	121.8	1.8	0.0	3.2	0.000	0.000	0.3195899624	0.171	0.149
20170406	2.9387731284	3.849	15.2	1.8	0.00	0.60	195.7	1.00	123.0	16.2	10.2	6.4	0.000	2.3078231908	0.6309499376	1.519	1.419
20170407	3.9927516302	5.213	8.4	1.9	0.00	0.22	193.2	1.00	123.7	10.3	13.6	9.3	0.000	3.0784315023	0.9143201279	2.077	1.916
20170408	2.9804258495	3.902	5.1	-2.4	0.00	0.75	196.0	1.00	123.7	0.0	8.0	11.9	0.000	1.8082091675	1.1722166821	1.551	1.430
20170409	3.0792567994	3.904	0.3	2.7	0.00	1.57	191.2	1.00	124.0	4.9	7.4	14.2	0.000	1.6723272402	1.4069295592	1.604	1.475
20170410	8.9122167651	8.742	0.0	10.1	0.00	1.86	153.8	1.00	125.6	35.8	32.1	16.4	0.000	7.2916739031	1.620542862	4.121	4.791
20170411	18.1773982372	18.395	1.0	11.7	0.00	1.22	109.8	1.00	126.8	43.8	55.7	18.4	3.014670439	13.3477744563	1.8149533419	7.208	10.969
20170412	17.9539925783	18.372	0.3	5.7	0.00	0.54	91.0	1.00	127.2	18.8	54.8	20.2	2.8700374344	13.092067902	1.9918872419	6.744	11.210
20170413	16.4006462901	13.782	2.0	4.1	0.00	1.57	78.9	1.00	127.4	13.8	50.6	21.8	2.2506753107	11.997055356	2.1529156234	5.909	10.492
20170414	15.7614093640	13.201	0.3	4.9	0.00	1.95	63.7	1.00	127.6	15.3	48.6	23.3	1.9667885173	11.4951525296	2.2994683172	5.370	10.391
20170415	21.4309854162	15.518	5.6	8.6	0.00	2.10	32.6	1.00	127.9	36.3	62.2	24.6	3.9668829287	15.0312558686	2.4328466189	6.411	15.020
20170416	26.6267024339	26.883	7.9	12.0	0.00	2.40	0.0	0.00	128.1	40.3	74.6	25.9	5.8001152512	18.2723523388	2.5542348439	7.287	19.340
20170417	19.0389077239	21.485	1.3	4.9	2.57	2.57	0.0	0.00	125.6	1.3	55.8	27.0	3.0189161472	13.3552807335	2.6647108432	5.265	13.774
20170418	13.2972790913	13.829	0.0	3.8	2.28	2.28	0.0	0.00	123.3	0.0	41.5	28.0	0.9082801436	9.6237433735	2.7652555742	3.740	9.557
20170419	11.7231587533	12.714	9.1	4.2	1.35	1.35	0.0	0.00	122.5	8.6	37.4	28.9	0.3065295283	8.5598674143	2.8567618107	3.344	8.380
20170420	9.4680101592	11.894	1.8	5.3	1.83	1.83	0.0	0.00	120.8	1.7	28.7	29.8	0.000	6.5279680887	2.9400420706	2.733	6.735
20170421	10.0093090332	12.750	14.0	3.8	1.76	1.76	0.0	0.00	120.2	12.8	30.8	30.5	0.000	6.9934732031	3.0158358301	3.090	6.919
20170422	8.6357145696	10.227	3.3	4.1	1.26	1.26	0.0	0.00	119.3	3.0	24.4	31.2	0.000	5.5508984795	3.0848160901	2.717	5.919
20170423	7.0201151880	8.719	0.3	7.7	2.25	2.25	0.0	0.00	117.0	0.3	17.0	31.9	0.000	3.872519836	3.147595352	2.220	4.800
20170424	5.6600267493	7.746	0.0	7.9	2.32	2.32	0.0	0.00	114.7	0.0	10.8	32.4	0.000	2.4552956934	3.2047310559	1.797	3.863
20170425	5.0721461104	7.046	3.3	7.4	1.46	1.46	0.0	0.00	113.8	2.8	8.0	33.0	0.000	1.8154155794	3.2567305311	1.654	3.418
20170426	4.5144141882	7.088	2.8	11.1	0.33	0.33	0.0	0.00	113.9	2.3	5.3	33.5	0.000	1.2103586882	3.3040555	1.504	3.010
20170427	3.7870957593	5.852	1.0	14.7	1.39	1.39	0.0	0.00	112.7	0.8	1.9	33.9	0.000	0.4399695805	3.3471261788	1.265	2.522
20170428	3.2571227249	5.034	0.5	16.6	2.27	2.27	0.0	0.00	110.5	0.4	0.0	33.0	0.000	0.000	3.2571227249	1.086	2.171
20170429	3.0214583383	4.349	0.8	12.4	2.26	2.26	0.0	0.00	108.4	0.6	0.0	30.6	0.000	0.000	3.0214583383	1.013	2.008
20170430	2.8192097866	3.884	1.0	2.7	2.08	2.08	0.0	0.00	106.6	0.8	0.0	28.5	0.000	0.000	2.8192097866	0.952	1.867
20170501	4.8998325908	5.573	18.8	6.2	0.81	0.81	0.0	0.00	110.0	14.6	8.8	29.4	0.000	1.9939667954	2.9058657954	2.081	2.819
20170502	6.0212929822	8.210	14.2	7.9	0.46	0.46	0.0	0.00	112.3	11.4	13.4	30.2	0.000	3.0365611423	2.9847318399	2.811	3.210
20170503	5.4816369298	6.038	4.3	3.5	1.36	1.36	0.0	0.00	111.8	3.5	10.7	30.9	0.000	2.4251287286	3.0565082011	2.582	2.899
20170504	4.3976781556	4.732	0.0	8.2	1.64	1.64	0.0	0.00	110.1	0.0	5.6	31.6	0.000	1.2758459476	3.1218322079	2.019	2.378
20170505	5.0618622247	5.350	10.4	7.0	0.94	0.94	0.0	0.00	111.2	8.3	8.3	32.2	0.000	1.8805783284	3.1812838963	2.519	2.543
20170506	5.0553598848	5.489	6.6	10.7	1.66	1.66	0.0	0.00	110.8	5.3	8.0	32.8	0.000	1.8199687248	3.2353911599	2.602	2.454
20170507	6.3248014898	5.798	15.0	7.3	1.15	1.15	0.0	0.00	112.5	12.2	13.4	33.3	0.000	3.0401670526	3.2846344371	3.578	2.746
20170508	5.3030522429	6.016	1.3	2.5	0.82	0.82	0.0	0.00	111.9	1.1	8.7	33.7	0.000	1.9736012656	3.3294509773	2.963	2.340
20170509	4.5032523325	4.609	1.5	2.6	1.58	1.58	0.0	0.00	110.6	1.2	5.0	34.1	0.000	1.1330136094	3.3702387231	2.488	2.015
20170510	3.6302873088	4.126	0.0	5.0	2.74	2.74	0.0	0.00	107.9	0.0	1.0	34.5	0.000	0.2229274649	3.407359844	1.952	1.678
20170511	3.1892688672	3.709	0.0	8.4	3.02	3.02	0.0	0.00	104.9	0.0	0.0	32.3	0.000	0.000	3.1892688672	1.700	1.489
20170512	2.9025687228	3.391	0.0	11.1	3.24	3.24	0.0	0.00	101.6	0.0	0.0	29.4	0.000	0.000	2.9025687228	1.547	1.355
20170513	2.6605002214	3.144	0.3	11.2	1.60	1.60	0.0	0.00	100.1	0.2	0.0	26.9	0.000	0.000	2.6605002214	1.421	1.239
20170514	4.4005769277	4.331	17.8	6.5	1.83	1.83	0.0	0.00	103.5	12.6	7.2	28.0	0.000	1.6391534604	2.7614234673	2.765	1.636
20170515	5.0369199784	5.810	11.4	9.2	0.95	0.95	0.0	0.00	105.5	8.4	9.6	28.9	0.000	2.1836457863	2.8532741921	3.318	1.719
20170516	4.0159343533	3.745	0.0	13.1	2.19	2.19	0.0	0.00	103.4	0.0	4.7	29.7	0.000	1.079066381	2.9368679723	2.589	1.427
20170517	3.1919140275	3.165	0.0	18.7	3.44	3.44	0.0	0.00	99.9	0.0	0.8	30.5	0.000	0.1789669593	3.0129470682	2.006	1.186
20170518	2.8312932161	2.805	0.3	23.3	4.01	4.01	0.0	0.00	96.0	0.2	0.0	28.7	0.000	0.000	2.8312932161	1.770	1.061
20170519	2.6517969051	2.636	1.3	12.2	2.39	2.39	0.0	0.00	94.1	0.8	0.0	26.8	0.000	0.000	2.6517969051	1.669	0.983
20170520	2.4134129408	2.418	0.0	9.8	3.39	3.39	0.0	0.00	90.7	0.0	0.0	24.4	0.000	0.000	2.4134129408	1.519	0.894
20170521	2.1964585642	2.219	0.0	11.5	2.86	2.86	0.0	0.00	87.8	0.0	0.0	22.2	0.000	0.000	2.1964585642	1.382	0.814
20170522	3.4466455537	3.539	16.5	9.5	1.40	1.40	0.0	0.00	93.2	9.8	4.9	23.7	0.000	1.1075485996	2.3390969542	2.429	1.018
20170523	2.7277765311	2.852	0.5	12.6	3.32	3.32	0.0	0.00	90.0	0.3	1.1	25.0	0.000	0.2588637017	2.4689128294	1.880	0.848
20170524	2.3494040979	2.244	0.0	15.0	1.74	1.74	0.0	0.00	88.3	0.0	0.0	23.8	0.000	0.000	2.3494040979	1.603	0.746
20170525	2.2298231366	2.041	1.8	12.9	2.24	2.24	0.0	0.00	86.8	1.0	0.0	22.6	0.000	0.000	2.2298231366	1.533	0.696
20170526	3.5980991019	3.859	17.8	10.1	2.73	2.73	0.0	0.00	91.5	10.4	5.4	24.0	0.000	1.2286368922	2.3694622097	2.721	0.877
20170527	2.9076833558	2.560	1.0	12.8	2.72	2.72	0.0	0.00	89.2	0.6	1.8	25.3	0.000	0.4111349634	2.4965483924	2.167	0.741
20170528	2.4348105374	2.063	0.0	15.1	3.53	3.53	0.0	0.00	85.6	0.0	0.0	24.7	0.000	0.000	2.4348105374	1.793	0.642
20170529	2.4420456224	2.059	4.6	10.9	1.31	1.31	0.0	0.00	86.4	2.5	0.0	24.7	0.000	0.000	2.4420456224	1.825	0.617
20170530	2.5025672192	2.225	5.6	9.7	1.68	1.68	0.0	0.00	87.2	3.1	0.0	25.3	0.000	0.000	2.5025672192	1.903	0.600
20170531	2.6134565554	2.843	6.6	13.2	3.02	3.02	0.0	0.00	87.1	3.7	0.0	26.5	0.000	0.000	2.6134565554	2.025	0.588
20170601	2.4182576564	2.295	0.8	12.9	4.97	4.97	0.0	0.00	82.5	0.4	0.0	24.5	0.000	0.000	2.4182576564	1.878	0.541
20170602	2.4004450066	2.017	4.3	8.3	4.09	4.09	0.0	0.00	80.5	2.2	0.0	24.3	0.000	0.000	2.4004450066	1.885	0.516
20170603	2.4831276745	2.394	6.6	8.1	3.26	3.26	0.0	0.00	80.5	3.3	0.0	25.1	0.000	0.000	2.4831276745	1.981	0.502
20170604	2.9349725767	2.436	10.9	12.4	3.81	3.81	0.0	0.00	82.0	5.6	1.5	26.3	0.000	0.3349767057	2.599995871	2.412	0.523
20170605	2.8125594168	2.575	5.6	10.2	0.78	0.78	0.0	0.00	83.9	2.9	0.5	27.4	0.000	0.1062012457	2.7063581711	2.325	0.488
20170606	4.1980657538	4.855	19.3	8.2	2.92	2.92	0.0	0.00	89.4	10.9	6.1	28.4	0.000	1.394906749	2.8031590048	3.633	0.565
20170607	3.3808789553	3.138	0.5	13.2	4.05	4.05	0.0	0.00	85.6	0.3	2.2	29.3	0.000	0.4896210526	2.8912579027	2.900	0.481
20170608	2.8250952246	2.305	0.0	17.6	5.54	5.54	0.0	0.00	80.1	0.0	0.0	28.6	0.000	0.000	2.8250952246	2.406	0.419
20170609	2.5711325633	2.020	0.0	15.1	3.05	3.05	0.0	0.00	77.0	0.0	0.0	26.0	0.000	0.000	2.5711325633	2.190	0.381
20170610	2.3399999408	1.809	0.0	15.7	4.67	4.67	0.0	0.00	72.3	0.0	0.0	23.7	0.000	0.000	2.3399999408	1.993	0.347
20170611	2.1483697546	1.552	0.5	21.5	3.80	3.80	0.0	0.00	68.8	0.2	0.0	21.8	0.000	0.000	2.1483697546	1.831	0.317
20170612	1.9552415034	1.316	0.0	22.7	4.80	4.86	0.0	0.00	64.0	0.0	0.0	19.8	0.000	0.000	1.9552415034	1.666	0.289
20170613	1.7794745660	1.124	0.0	18.9	4.30	4.68	0.0	0.00	59.7	0.0	0.0	18.0	0.000	0.000	1.779474566	1.517	0.263
20170614	1.6195082425	1.042	0.0	13.4	5.41	6.32	0.0	0.00	54.3	0.0	0.0	16.4	0.000	0.000	1.6195082425	1.380	0.239
20170615	1.4739221328	0.959	0.0	14.2	4.64	5.96	0.0	0.00	49.7	0.0	0.0	14.9	0.000	0.000	1.4739221328	1.256	0.218
20170616	2.0333125063	2.700	19.8	13.0	3.02	3.72	0.0	0.00	60.8	5.7	1.5	17.0	0.000	0.3517993853	1.681513121	1.799	0.234
20170617	1.6695634201	1.663	0.0	17.6	4.59	5.27	0.0	0.00	56.2	0.0	0.0	16.9	0.000	0.000	1.6695634201	1.466	0.204
20170618	1.5271236423	1.247	0.3	21.3	3.73	4.63	0.0	0.00	52.7	0.1	0.0	15.5	0.000	0.000	1.5271236423	1.341	0.186
20170619	2.5162920638	4.466	24.9	20.5	4.00	4.57	0.0	0.00	65.5	8.0	3.5	17.5	0.000	0.7863599967	1.7299320671	2.307	0.209
20170620	2.8729396196	4.345	14.0	17.0	5.59	5.59	0.0	0.00	68.5	5.5	4.2	19.4	0.000	0.9584306433	1.9145089764	2.667	0.206
20170621	2.1631566330	2.347	0.0	14.6	4.88	4.97	0.0	0.00	63.6	0.0	0.4	21.1	0.000	0.080663336	2.0824932969	1.990	0.173
20170622	1.9272062739	1.783	0.0	15.9	3.24	3.56	0.0	0.00	60.3	0.0	0.0	19.5	0.000	0.000	1.9272062739	1.771	0.156
20170623	2.9421816981	3.879	22.4	18.1	4.07	4.22	0.0	0.00	70.3	8.4	3.7	21.2	0.000	0.8481325305	2.0940491677	2.775	0.167
20170624	4.4771814267	6.725	26.2	17.1	4.93	4.93	0.0	0.00	79.5	12.1	9.8	22.7	0.000	2.2312877501	2.2458936766	4.298	0.179
20170625	4.2480953894	3.687	8.1	15.4	5.62	5.62	0.0	0.00	77.9	4.0	8.2	24.1	0.000	1.864007305	2.3840880844	4.084	0.164
20170626	3.3284589164	3.073	0.0	13.5	5.45	5.45	0.0	0.00	72.5	0.0	3.6	25.4	0.000	0.818599446	2.5098594704	3.188	0.141
20170627	3.1438512253	2.639	6.9	13.7	3.55	3.55	0.0	0.00	72.8	3.0	2.3	26.6	0.000	0.51952662	2.6243246053	3.015	0.129
20170628	2.6701409882	2.674	2.0	12.3	3.68	3.68	0.0	0.00	70.3	0.8	0.0	27.0	0.000	0.000	2.6701409882	2.556	0.114
20170629	4.9186920073	5.470	32.3	13.3	2.80	2.80	0.0	0.00	84.4	15.4	9.5	28.0	0.000	2.1484944324	2.7701975749	4.793	0.125
20170630	4.1374239576	6.641	2.3	16.7	4.28	4.28	0.0	0.00	81.2	1.2	5.6	29.0	0.000	1.2761644086	2.861259549	4.026	0.111
20170701	4.6179070807	6.016	13.7	17.6	3.87	3.87	0.0	0.00	83.8	7.2	7.4	29.8	0.000	1.6737715972	2.9441354835	4.511	0.107
20170702	3.7603812986	4.657	0.8	18.5	5.70	5.70	0.0	0.00	78.5	0.4	3.3	30.6	0.000	0.740820034	3.0195612646	3.667	0.094
20170703	3.1495509471	3.508	1.8	16.1	7.57	7.57	0.0	0.00	71.9	0.9	0.3	31.3	0.000	0.0613443213	3.0882066258	3.066	0.083
20170704	2.8348660272	2.884	0.0	16.0	7.29	7.29	0.0	0.00	64.6	0.0	0.0	28.7	0.000	0.000	2.8348660272	2.759	0.075
20170705	2.5800250171	2.473	0.0	17.1	6.94	7.50	0.0	0.00	57.7	0.0	0.0	26.1	0.000	0.000	2.5800250171	2.511	0.069
20170706	2.3480930052	2.130	0.0	18.8	5.60	6.78	0.0	0.00	52.1	0.0	0.0	23.8	0.000	0.000	2.3480930052	2.286	0.062
20170707	2.2259123756	1.977	3.8	18.9	3.53	4.60	0.0	0.00	51.3	1.0	0.0	22.5	0.000	0.000	2.2259123756	2.169	0.057
20170708	2.3030654352	2.504	11.2	17.4	3.04	3.83	0.0	0.00	56.4	3.1	0.0	23.3	0.000	0.000	2.3030654352	2.249	0.054
20170709	2.1216734440	2.159	1.0	16.3	3.23	3.97	0.0	0.00	53.9	0.3	0.0	21.5	0.000	0.000	2.121673444	2.073	0.049
20170710	1.9309450645	1.702	0.0	17.8	3.01	3.90	0.0	0.00	50.9	0.0	0.0	19.5	0.000	0.000	1.9309450645	1.886	0.045
20170711	1.8131481613	1.526	2.5	19.5	4.02	5.42	0.0	0.00	48.8	0.6	0.0	18.4	0.000	0.000	1.8131481613	1.772	0.041
20170712	1.6706801595	1.457	1.0	18.7	4.64	6.59	0.0	0.00	44.9	0.2	0.0	16.9	0.000	0.000	1.6706801595	1.633	0.037
20170713	1.7562207648	2.601	11.4	14.4	2.89	4.10	0.0	0.00	50.8	2.6	0.0	17.8	0.000	0.000	1.7562207648	1.721	0.035
20170714	1.6958079123	2.126	4.3	13.4	1.27	1.69	0.0	0.00	52.7	1.1	0.0	17.2	0.000	0.000	1.6958079123	1.664	0.032
20170715	1.5549223125	1.834	0.5	17.3	3.76	4.96	0.0	0.00	49.3	0.1	0.0	15.7	0.000	0.000	1.5549223125	1.526	0.029
20170716	1.4318559448	1.358	0.8	18.8	4.35	6.11	0.0	0.00	45.6	0.2	0.0	14.5	0.000	0.000	1.4318559448	1.405	0.027
20170717	1.5201788628	1.675	10.4	19.7	3.32	4.68	0.0	0.00	50.3	2.4	0.0	15.4	0.000	0.000	1.5201788628	1.495	0.025
20170718	1.3942699492	1.485	0.5	19.7	3.79	5.25	0.0	0.00	46.8	0.1	0.0	14.1	0.000	0.000	1.3942699492	1.372	0.023
20170719	1.2747252074	1.077	0.3	20.2	4.19	6.23	0.0	0.00	42.9	0.1	0.0	12.9	0.000	0.000	1.2747252074	1.254	0.021
20170720	1.1651976253	0.887	0.3	19.9	3.72	6.04	0.0	0.00	39.4	0.1	0.0	11.8	0.000	0.000	1.1651976253	1.146	0.019
20170721	1.0604518853	0.718	0.0	19.6	4.02	7.11	0.0	0.00	35.4	0.0	0.0	10.7	0.000	0.000	1.0604518853	1.043	0.017
20170722	0.9689008827	0.594	0.3	18.6	2.90	5.71	0.0	0.00	32.7	0.0	0.0	9.8	0.000	0.000	0.9689008827	0.953	0.016
20170723	0.8851577628	0.516	0.3	16.9	2.57	5.45	0.0	0.00	30.4	0.0	0.0	9.0	0.000	0.000	0.8851577628	0.871	0.014
20170724	1.0078744943	1.085	15.2	12.5	2.33	4.41	0.0	0.00	41.0	2.3	0.0	10.2	0.000	0.000	1.0078744943	0.995	0.013
20170725	0.9661128175	1.404	3.0	13.5	2.66	4.39	0.0	0.00	40.8	0.5	0.0	9.8	0.000	0.000	0.9661128175	0.954	0.012
20170726	0.8871010684	0.819	0.5	15.9	3.38	5.75	0.0	0.00	37.9	0.1	0.0	9.0	0.000	0.000	0.8871010684	0.876	0.011
20170727	0.8213269030	0.717	1.0	16.8	2.67	4.87	0.0	0.00	36.1	0.2	0.0	8.3	0.000	0.000	0.821326903	0.811	0.010
20170728	0.7671677980	0.614	1.5	14.9	3.42	6.51	0.0	0.00	33.9	0.2	0.0	7.8	0.000	0.000	0.767167798	0.758	0.009
20170729	0.6982030516	0.451	0.0	14.7	2.45	5.05	0.0	0.00	31.5	0.0	0.0	7.1	0.000	0.000	0.6982030516	0.690	0.008
20170730	0.6354379088	0.361	0.0	15.8	3.28	7.27	0.0	0.00	28.2	0.0	0.0	6.4	0.000	0.000	0.6354379088	0.628	0.008
20170731	0.5872182409	0.335	1.0	18.3	1.28	3.12	0.0	0.00	27.8	0.1	0.0	5.9	0.000	0.000	0.5872182409	0.580	0.007
20170801	0.5370465144	0.306	0.3	18.9	1.60	4.00	0.0	0.00	26.5	0.0	0.0	5.4	0.000	0.000	0.5370465144	0.531	0.006
20170802	0.4887685799	0.233	0.0	19.7	1.68	4.43	0.0	0.00	24.8	0.0	0.0	4.9	0.000	0.000	0.4887685799	0.483	0.006
20170803	0.5516388847	0.809	11.2	19.8	2.73	6.39	0.0	0.00	32.1	1.2	0.0	5.6	0.000	0.000	0.5516388847	0.546	0.005
20170804	0.5128930076	0.534	1.0	19.7	2.71	5.81	0.0	0.00	30.2	0.1	0.0	5.2	0.000	0.000	0.5128930076	0.508	0.005
20170805	1.4393223625	3.876	35.6	16.1	2.69	4.22	0.0	0.00	56.0	7.2	2.8	8.2	0.000	0.6324464067	0.8068759559	1.434	0.005
20170806	1.0567986724	1.810	2.8	13.7	5.07	6.21	0.0	0.00	52.9	0.8	0.0	10.7	0.000	0.000	1.0567986724	1.052	0.004
20170807	1.0602439326	1.045	4.1	15.1	4.20	5.39	0.0	0.00	51.7	1.1	0.0	10.7	0.000	0.000	1.0602439326	1.056	0.004
20170808	0.9988368634	0.939	1.5	15.0	4.87	6.51	0.0	0.00	47.9	0.4	0.0	10.1	0.000	0.000	0.9988368634	0.995	0.004
20170809	0.9352008964	0.635	1.3	16.1	4.47	6.43	0.0	0.00	44.5	0.3	0.0	9.5	0.000	0.000	0.9352008964	0.932	0.003
20170810	0.8600552797	0.474	0.5	18.1	2.62	4.09	0.0	0.00	42.3	0.1	0.0	8.7	0.000	0.000	0.8600552797	0.857	0.003
20170811	0.7876936672	0.411	0.3	18.9	3.21	5.28	0.0	0.00	39.3	0.1	0.0	8.0	0.000	0.000	0.7876936672	0.785	0.003
20170812	0.9618918783	0.846	13.7	18.5	2.11	3.28	0.0	0.00	48.2	2.7	0.0	9.7	0.000	0.000	0.9618918783	0.959	0.003
20170813	0.9612221697	0.794	4.1	16.4	2.38	3.34	0.0	0.00	48.9	1.0	0.0	9.7	0.000	0.000	0.9612221697	0.959	0.002
20170814	0.8851338647	0.488	0.5	16.7	3.08	4.38	0.0	0.00	46.2	0.1	0.0	9.0	0.000	0.000	0.8851338647	0.883	0.002
20170815	1.3669214808	1.252	19.1	17.7	3.41	4.47	0.0	0.00	56.9	5.0	1.0	11.6	0.000	0.2212673553	1.1456541255	1.365	0.002
20170816	1.1562298225	1.054	1.0	13.4	3.34	4.06	0.0	0.00	54.3	0.3	0.0	11.7	0.000	0.000	1.1562298225	1.154	0.002
20170817	1.0522902454	0.559	0.0	14.0	2.91	3.74	0.0	0.00	51.4	0.0	0.0	10.7	0.000	0.000	1.0522902454	1.051	0.002
20170818	1.3743562393	1.676	14.7	15.0	2.00	2.46	0.0	0.00	59.9	4.2	0.3	13.1	0.000	0.0765722989	1.2977839404	1.373	0.002
20170819	1.2480971715	1.056	1.3	18.5	4.68	5.41	0.0	0.00	56.1	0.4	0.0	12.6	0.000	0.000	1.2480971715	1.247	0.001
20170820	1.1613379316	0.738	1.0	16.9	4.59	5.67	0.0	0.00	52.3	0.3	0.0	11.8	0.000	0.000	1.1613379316	1.160	0.001
20170821	1.0683458010	0.521	0.5	18.8	3.73	4.97	0.0	0.00	48.9	0.1	0.0	10.8	0.000	0.000	1.068345801	1.067	0.001
20170822	1.1129126310	0.592	6.4	20.2	3.49	4.75	0.0	0.00	50.2	1.6	0.0	11.3	0.000	0.000	1.112912631	1.112	0.001
20170823	1.0236100376	0.589	0.5	15.4	4.03	5.58	0.0	0.00	46.6	0.1	0.0	10.4	0.000	0.000	1.0236100376	1.023	0.001
20170824	0.9315923502	0.389	0.0	13.8	3.30	4.95	0.0	0.00	43.3	0.0	0.0	9.4	0.000	0.000	0.9315923502	0.931	0.001
20170825	0.8478466164	0.340	0.0	12.4	2.45	3.94	0.0	0.00	40.8	0.0	0.0	8.6	0.000	0.000	0.8478466164	0.847	0.001
20170826	0.7716292269	0.309	0.0	12.4	2.48	4.24	0.0	0.00	38.4	0.0	0.0	7.8	0.000	0.000	0.7716292269	0.771	0.001
20170827	0.7022634193	0.263	0.0	13.2	2.80	5.09	0.0	0.00	35.6	0.0	0.0	7.1	0.000	0.000	0.7022634193	0.702	0.001
20170828	0.6391332687	0.216	0.0	13.8	2.76	5.42	0.0	0.00	32.8	0.0	0.0	6.5	0.000	0.000	0.6391332687	0.638	0.001
20170829	0.5816782193	0.198	0.0	13.0	1.91	4.06	0.0	0.00	30.9	0.0	0.0	5.9	0.000	0.000	0.5816782193	0.581	0.001
20170830	0.5293881063	0.178	0.0	13.9	2.13	4.80	0.0	0.00	28.8	0.0	0.0	5.4	0.000	0.000	0.5293881063	0.529	0.001
20170831	0.4817986264	0.172	0.0	11.5	1.35	3.27	0.0	0.00	27.4	0.0	0.0	4.9	0.000	0.000	0.4817986264	0.481	0.000
20170901	0.4384872151	0.174	0.0	7.7	2.31	5.87	0.0	0.00	25.1	0.0	0.0	4.4	0.000	0.000	0.4384872151	0.438	0.000
20170902	0.3990692942	0.145	0.0	10.0	2.02	5.60	0.0	0.00	23.1	0.0	0.0	4.0	0.000	0.000	0.3990692942	0.399	0.000
20170903	0.8964908627	1.340	32.0	10.2	1.54	2.92	0.0	0.00	48.7	4.8	0.9	7.1	0.000	0.1932064082	0.7032844544	0.896	0.000
20170904	0.7971352561	1.861	3.8	14.7	3.51	4.88	0.0	0.00	48.1	0.9	0.0	8.1	0.000	0.000	0.7971352561	0.797	0.000
20170905	1.0943804598	2.189	15.0	14.6	2.38	3.10	0.0	0.00	56.8	3.9	0.1	10.8	0.000	0.0288142854	1.0655661744	1.094	0.000
20170906	1.1326848748	1.723	5.6	12.8	1.90	2.26	0.0	0.00	58.8	1.7	0.0	11.5	0.000	0.000	1.1326848748	1.132	0.000
20170907	1.2203191591	1.505	6.6	12.7	3.04	3.47	0.0	0.00	60.3	2.1	0.0	12.4	0.000	0.000	1.2203191591	1.220	0.000
20170908	1.1389730033	1.122	1.0	11.4	2.63	3.03	0.0	0.00	58.3	0.3	0.0	11.5	0.000	0.000	1.1389730033	1.139	0.000
20170909	1.0772892215	0.983	1.5	11.4	3.86	4.57	0.0	0.00	55.5	0.5	0.0	10.9	0.000	0.000	1.0772892215	1.077	0.000
20170910	1.0131175617	0.746	1.3	11.8	2.86	3.57	0.0	0.00	53.6	0.4	0.0	10.3	0.000	0.000	1.0131175617	1.013	0.000
20170911	0.9291553531	0.548	0.3	14.0	3.23	4.19	0.0	0.00	50.6	0.1	0.0	9.4	0.000	0.000	0.9291553531	0.929	0.000
20170912	0.8521424473	0.440	0.3	14.8	3.44	4.74	0.0	0.00	47.4	0.1	0.0	8.6	0.000	0.000	0.8521424473	0.852	0.000
20170913	0.7755388830	0.368	0.0	16.3	3.13	4.62	0.0	0.00	44.2	0.0	0.0	7.9	0.000	0.000	0.775538883	0.775	0.000
20170914	0.7058216158	0.350	0.0	16.5	1.80	2.84	0.0	0.00	42.4	0.0	0.0	7.1	0.000	0.000	0.7058216158	0.706	0.000
20170915	0.6423716002	0.308	0.0	19.5	2.37	3.90	0.0	0.00	40.1	0.0	0.0	6.5	0.000	0.000	0.6423716002	0.642	0.000
20170916	0.5846254402	0.275	0.0	19.2	2.39	4.17	0.0	0.00	37.7	0.0	0.0	5.9	0.000	0.000	0.5846254402	0.585	0.000
20170917	0.5320703860	0.257	0.0	18.3	2.18	4.05	0.0	0.00	35.5	0.0	0.0	5.4	0.000	0.000	0.532070386	0.532	0.000
20170918	0.4842397819	0.236	0.0	19.6	1.27	2.50	0.0	0.00	34.2	0.0	0.0	4.9	0.000	0.000	0.4842397819	0.484	0.000
20170919	0.4407089222	0.217	0.0	18.2	0.81	1.65	0.0	0.00	33.4	0.0	0.0	4.5	0.000	0.000	0.4407089222	0.441	0.000
20170920	0.4010912804	0.201	0.0	18.3	1.95	4.07	0.0	0.00	31.5	0.0	0.0	4.1	0.000	0.000	0.4010912804	0.401	0.000
20170921	0.3681933276	0.166	0.3	17.6	2.25	4.97	0.0	0.00	29.5	0.0	0.0	3.7	0.000	0.000	0.3681933276	0.368	0.000
20170922	0.3350944938	0.131	0.0	16.6	1.75	4.13	0.0	0.00	27.7	0.0	0.0	3.4	0.000	0.000	0.3350944938	0.335	0.000
20170923	0.3049710881	0.125	0.0	17.7	1.44	3.62	0.0	0.00	26.3	0.0	0.0	3.1	0.000	0.000	0.3049710881	0.305	0.000
20170924	0.2775556338	0.118	0.0	21.6	1.55	4.12	0.0	0.00	24.7	0.0	0.0	2.8	0.000	0.000	0.2775556338	0.277	0.000
20170925	0.2526046988	0.119	0.0	22.5	1.62	4.57	0.0	0.00	23.1	0.0	0.0	2.6	0.000	0.000	0.2526046988	0.253	0.000
20170926	0.2298967344	0.147	0.0	22.2	1.30	3.92	0.0	0.00	21.8	0.0	0.0	2.3	0.000	0.000	0.2298967344	0.230	0.000
20170927	0.2216843013	0.121	2.0	22.1	1.24	3.79	0.0	0.00	22.4	0.1	0.0	2.2	0.000	0.000	0.2216843013	0.222	0.000
20170928	0.2113977184	0.141	1.5	13.0	1.47	4.44	0.0	0.00	22.4	0.1	0.0	2.1	0.000	0.000	0.2113977184	0.211	0.000
20170929	0.1923940661	0.133	0.0	8.1	1.35	4.22	0.0	0.00	21.0	0.0	0.0	1.9	0.000	0.000	0.1923940661	0.192	0.000
20170930	0.1768062736	0.147	0.3	6.8	0.56	1.84	0.0	0.00	20.7	0.0	0.0	1.8	0.000	0.000	0.1768062736	0.177	0.000
