Date	pH	Cl-	HCO3-	Ca++	DOC	X-	SOC(s)	SOC-lz(s)	Calcite(s)	Calcite-lz(s)	CO2(*g)
20151001	5.405	1.50E-07	1.00E-10	7.75E-07	2.83E-05	1.00E-10	1.00E-10	1.00E-10	1.00E-10	1.00E-10	1.00E-10
20151002	5.405	1.50E-07	1.00E-10	7.75E-07	2.83E-05	1.00E-10	1.00E-10	1.00E-10	1.00E-10	1.00E-10	1.00E-10
20151003	5.405	1.50E-07	1.00E-10	7.75E-07	2.83E-05	1.00E-10	1.00E-10	1.00E-10	1.00E-10	1.00E-10	1.00E-10
20151004	5.405	1.50E-07	1.00E-10	7.75E-07	2.83E-05	1.00E-10	1.00E-10	1.00E-10	1.00E-10	1.00E-10	1.00E-10
20151005	5.405	1.50E-07	1.00E-10	7.75E-07	2.83E-05	1.00E-10	1.00E-10	1.00E-10	1.00E-10	1.00E-10	1.00E-10
20151006	5.405	1.50E-07	1.00E-10	7.75E-07	2.83E-05	1.00E-10	1.00E-10	1.00E-10	1.00E-10	1.00E-10	1.00E-10
20151007	5.16	2.82E-06	1.00E-10	2.00E-06	6.92E-05	1.00E-10	1.00E-10	1.00E-10	1.00E-10	1.00E-10	1.00E-10
20151008	5.16	2.82E-06	1.00E-10	2.00E-06	6.92E-05	1.00E-10	1.00E-10	1.00E-10	1.00E-10	1.00E-10	1.00E-10
20151009	5.16	2.82E-06	1.00E-10	2.00E-06	6.92E-05	1.00E-10	1.00E-10	1.00E-10	1.00E-10	1.00E-10	1.00E-10
20151010	5.16	2.82E-06	1.00E-10	2.00E-06	6.92E-05	1.00E-10	1.00E-10	1.00E-10	1.00E-10	1.00E-10	1.00E-10
20151011	5.16	2.82E-06	1.00E-10	2.00E-06	6.92E-05	1.00E-10	1.00E-10	1.00E-10	1.00E-10	1.00E-10	1.00E-10
20151012	5.16	2.82E-06	1.00E-10	2.00E-06	6.92E-05	1.00E-10	1.00E-10	1.00E-10	1.00E-10	1.00E-10	1.00E-10
20151013	5.16	2.82E-06	1.00E-10	2.00E-06	6.92E-05	1.00E-10	1.00E-10	1.00E-10	1.00E-10	1.00E-10	1.00E-10
20151014	5.16	2.82E-06	1.00E-10	2.00E-06	6.92E-05	1.00E-10	1.00E-10	1.00E-10	1.00E-10	1.00E-10	1.00E-10
20151015	5.74	2.26E-06	1.00E-10	1.03E-05	7.17E-05	1.00E-10	1.00E-10	1.00E-10	1.00E-10	1.00E-10	1.00E-10
20151016	5.74	2.26E-06	1.00E-10	1.03E-05	7.17E-05	1.00E-10	1.00E-10	1.00E-10	1.00E-10	1.00E-10	1.00E-10
20151017	5.74	2.26E-06	1.00E-10	1.03E-05	7.17E-05	1.00E-10	1.00E-10	1.00E-10	1.00E-10	1.00E-10	1.00E-10
20151018	5.74	2.26E-06	1.00E-10	1.03E-05	7.17E-05	1.00E-10	1.00E-10	1.00E-10	1.00E-10	1.00E-10	1.00E-10
20151019	5.74	2.26E-06	1.00E-10	1.03E-05	7.17E-05	1.00E-10	1.00E-10	1.00E-10	1.00E-10	1.00E-10	1.00E-10
20151020	5.74	2.26E-06	1.00E-10	1.03E-05	7.17E-05	1.00E-10	1.00E-10	1.00E-10	1.00E-10	1.00E-10	1.00E-10
20151021	5.74	2.26E-06	1.00E-10	1.03E-05	7.17E-05	1.00E-10	1.00E-10	1.00E-10	1.00E-10	1.00E-10	1.00E-10
20151022	5.38	7.05E-06	1.00E-10	1.08E-05	1.00E-04	1.00E-10	1.00E-10	1.00E-10	1.00E-10	1.00E-10	1.00E-10
20151023	5.38	7.05E-06	1.00E-10	1.08E-05	1.00E-04	1.00E-10	1.00E-10	1.00E-10	1.00E-10	1.00E-10	1.00E-10
20151024	5.38	7.05E-06	1.00E-10	1.08E-05	1.00E-04	1.00E-10	1.00E-10	1.00E-10	1.00E-10	1.00E-10	1.00E-10
20151025	5.38	7.05E-06	1.00E-10	1.08E-05	1.00E-04	1.00E-10	1.00E-10	1.00E-10	1.00E-10	1.00E-10	1.00E-10
20151026	5.38	7.05E-06	1.00E-10	1.08E-05	1.00E-04	1.00E-10	1.00E-10	1.00E-10	1.00E-10	1.00E-10	1.00E-10
20151027	5.32	1.69E-06	1.00E-10	7.25E-07	4.00E-05	1.00E-10	1.00E-10	1.00E-10	1.00E-10	1.00E-10	1.00E-10
20151028	5.32	1.69E-06	1.00E-10	7.25E-07	4.00E-05	1.00E-10	1.00E-10	1.00E-10	1.00E-10	1.00E-10	1.00E-10
20151029	5.32	1.69E-06	1.00E-10	7.25E-07	4.00E-05	1.00E-10	1.00E-10	1.00E-10	1.00E-10	1.00E-10	1.00E-10
20151030	5.32	1.69E-06	1.00E-10	7.25E-07	4.00E-05	1.00E-10	1.00E-10	1.00E-10	1.00E-10	1.00E-10	1.00E-10
20151031	5.32	1.69E-06	1.00E-10	7.25E-07	4.00E-05	1.00E-10	1.00E-10	1.00E-10	1.00E-10	1.00E-10	1.00E-10
20151101	5.32	1.69E-06	1.00E-10	7.25E-07	4.00E-05	1.00E-10	1.00E-10	1.00E-10	1.00E-10	1.00E-10	1.00E-10
20151102	5.32	1.69E-06	1.00E-10	7.25E-07	4.00E-05	1.00E-10	1.00E-10	1.00E-10	1.00E-10	1.00E-10	1.00E-10
20151103	5.21	1.69E-06	1.00E-10	2.50E-06	4.50E-05	1.00E-10	1.00E-10	1.00E-10	1.00E-10	1.00E-10	1.00E-10
20151104	5.21	1.69E-06	1.00E-10	2.50E-06	4.50E-05	1.00E-10	1.00E-10	1.00E-10	1.00E-10	1.00E-10	1.00E-10
20151105	5.21	1.69E-06	1.00E-10	2.50E-06	4.50E-05	1.00E-10	1.00E-10	1.00E-10	1.00E-10	1.00E-10	1.00E-10
20151106	5.21	1.69E-06	1.00E-10	2.50E-06	4.50E-05	1.00E-10	1.00E-10	1.00E-10	1.00E-10	1.00E-10	1.00E-10
20151107	5.21	1.69E-06	1.00E-10	2.50E-06	4.50E-05	1.00E-10	1.00E-10	1.00E-10	1.00E-10	1.00E-10	1.00E-10
20151108	5.21	1.69E-06	1.00E-10	2.50E-06	4.50E-05	1.00E-10	1.00E-10	1.00E-10	1.00E-10	1.00E-10	1.00E-10
20151109	5.21	1.69E-06	1.00E-10	2.50E-06	4.50E-05	1.00E-10	1.00E-10	1.00E-10	1.00E-10	1.00E-10	1.00E-10
20151110	5.21	1.69E-06	1.00E-10	2.50E-06	4.50E-05	1.00E-10	1.00E-10	1.00E-10	1.00E-10	1.00E-10	1.00E-10
20151111	5.21	1.69E-06	1.00E-10	2.50E-06	4.50E-05	1.00E-10	1.00E-10	1.00E-10	1.00E-10	1.00E-10	1.00E-10
20151112	5.21	1.69E-06	1.00E-10	2.50E-06	4.50E-05	1.00E-10	1.00E-10	1.00E-10	1.00E-10	1.00E-10	1.00E-10
20151113	5.21	1.69E-06	1.00E-10	2.50E-06	4.50E-05	1.00E-10	1.00E-10	1.00E-10	1.00E-10	1.00E-10	1.00E-10
20151114	5.21	1.69E-06	1.00E-10	2.50E-06	4.50E-05	1.00E-10	1.00E-10	1.00E-10	1.00E-10	1.00E-10	1.00E-10
20151115	5.21	1.69E-06	1.00E-10	2.50E-06	4.50E-05	1.00E-10	1.00E-10	1.00E-10	1.00E-10	1.00E-10	1.00E-10
20151116	5.21	1.69E-06	1.00E-10	2.50E-06	4.50E-05	1.00E-10	1.00E-10	1.00E-10	1.00E-10	1.00E-10	1.00E-10
20151117	5.41	5.36E-06	1.00E-10	3.25E-06	2.50E-05	1.00E-10	1.00E-10	1.00E-10	1.00E-10	1.00E-10	1.00E-10
20151118	5.41	5.36E-06	1.00E-10	3.25E-06	2.50E-05	1.00E-10	1.00E-10	1.00E-10	1.00E-10	1.00E-10	1.00E-10
20151119	5.41	5.36E-06	1.00E-10	3.25E-06	2.50E-05	1.00E-10	1.00E-10	1.00E-10	1.00E-10	1.00E-10	1.00E-10
20151120	5.41	5.36E-06	1.00E-10	3.25E-06	2.50E-05	1.00E-10	1.00E-10	1.00E-10	1.00E-10	1.00E-10	1.00E-10
20151121	5.41	5.36E-06	1.00E-10	3.25E-06	2.50E-05	1.00E-10	1.00E-10	1.00E-10	1.00E-10	1.00E-10	1.00E-10
20151122	5.41	5.36E-06	1.00E-10	3.25E-06	2.50E-05	1.00E-10	1.00E-10	1.00E-10	1.00E-10	1.00E-10	1.00E-10
20151123	5.41	5.36E-06	1.00E-10	3.25E-06	2.50E-05	1.00E-10	1.00E-10	1.00E-10	1.00E-10	1.00E-10	1.00E-10
20151124	5.36	1.38E-05	1.00E-10	1.08E-05	6.17E-05	1.00E-10	1.00E-10	1.00E-10	1.00E-10	1.00E-10	1.00E-10
20151125	5.36	1.38E-05	1.00E-10	1.08E-05	6.17E-05	1.00E-10	1.00E-10	1.00E-10	1.00E-10	1.00E-10	1.00E-10
20151126	5.36	1.38E-05	1.00E-10	1.08E-05	6.17E-05	1.00E-10	1.00E-10	1.00E-10	1.00E-10	1.00E-10	1.00E-10
20151127	5.36	1.38E-05	1.00E-10	1.08E-05	6.17E-05	1.00E-10	1.00E-10	1.00E-10	1.00E-10	1.00E-10	1.00E-10
20151128	5.36	1.38E-05	1.00E-10	1.08E-05	6.17E-05	1.00E-10	1.00E-10	1.00E-10	1.00E-10	1.00E-10	1.00E-10
20151129	5.36	1.38E-05	1.00E-10	1.08E-05	6.17E-05	1.00E-10	1.00E-10	1.00E-10	1.00E-10	1.00E-10	1.00E-10
20151130	5.36	1.38E-05	1.00E-10	1.08E-05	6.17E-05	1.00E-10	1.00E-10	1.00E-10	1.00E-10	1.00E-10	1.00E-10
20151201	5.36	1.38E-05	1.00E-10	1.08E-05	6.17E-05	1.00E-10	1.00E-10	1.00E-10	1.00E-10	1.00E-10	1.00E-10
20151202	5	3.67E-06	1.00E-10	1.00E-06	3.33E-05	1.00E-10	1.00E-10	1.00E-10	1.00E-10	1.00E-10	1.00E-10
20151203	5	3.67E-06	1.00E-10	1.00E-06	3.33E-05	1.00E-10	1.00E-10	1.00E-10	1.00E-10	1.00E-10	1.00E-10
20151204	5	3.67E-06	1.00E-10	1.00E-06	3.33E-05	1.00E-10	1.00E-10	1.00E-10	1.00E-10	1.00E-10	1.00E-10
20151205	5	3.67E-06	1.00E-10	1.00E-06	3.33E-05	1.00E-10	1.00E-10	1.00E-10	1.00E-10	1.00E-10	1.00E-10
20151206	5	3.67E-06	1.00E-10	1.00E-06	3.33E-05	1.00E-10	1.00E-10	1.00E-10	1.00E-10	1.00E-10	1.00E-10
20151207	5	3.67E-06	1.00E-10	1.00E-06	3.33E-05	1.00E-10	1.00E-10	1.00E-10	1.00E-10	1.00E-10	1.00E-10
20151208	5	3.67E-06	1.00E-10	1.00E-06	3.33E-05	1.00E-10	1.00E-10	1.00E-10	1.00E-10	1.00E-10	1.00E-10
20151209	4.76	1.41E-06	1.00E-10	2.00E-06	3.75E-05	1.00E-10	1.00E-10	1.00E-10	1.00E-10	1.00E-10	1.00E-10
20151210	4.76	1.41E-06	1.00E-10	2.00E-06	3.75E-05	1.00E-10	1.00E-10	1.00E-10	1.00E-10	1.00E-10	1.00E-10
20151211	4.76	1.41E-06	1.00E-10	2.00E-06	3.75E-05	1.00E-10	1.00E-10	1.00E-10	1.00E-10	1.00E-10	1.00E-10
20151212	4.76	1.41E-06	1.00E-10	2.00E-06	3.75E-05	1.00E-10	1.00E-10	1.00E-10	1.00E-10	1.00E-10	1.00E-10
20151213	4.76	1.41E-06	1.00E-10	2.00E-06	3.75E-05	1.00E-10	1.00E-10	1.00E-10	1.00E-10	1.00E-10	1.00E-10
20151214	4.76	1.41E-06	1.00E-10	2.00E-06	3.75E-05	1.00E-10	1.00E-10	1.00E-10	1.00E-10	1.00E-10	1.00E-10
20151215	4.76	1.41E-06	1.00E-10	2.00E-06	3.75E-05	1.00E-10	1.00E-10	1.00E-10	1.00E-10	1.00E-10	1.00E-10
20151216	4.76	1.41E-06	1.00E-10	2.00E-06	3.75E-05	1.00E-10	1.00E-10	1.00E-10	1.00E-10	1.00E-10	1.00E-10
20151217	5.17	3.38E-06	1.00E-10	1.50E-06	3.42E-05	1.00E-10	1.00E-10	1.00E-10	1.00E-10	1.00E-10	1.00E-10
20151218	5.17	3.38E-06	1.00E-10	1.50E-06	3.42E-05	1.00E-10	1.00E-10	1.00E-10	1.00E-10	1.00E-10	1.00E-10
20151219	5.17	3.38E-06	1.00E-10	1.50E-06	3.42E-05	1.00E-10	1.00E-10	1.00E-10	1.00E-10	1.00E-10	1.00E-10
20151220	5.17	3.38E-06	1.00E-10	1.50E-06	3.42E-05	1.00E-10	1.00E-10	1.00E-10	1.00E-10	1.00E-10	1.00E-10
20151221	5.17	3.38E-06	1.00E-10	1.50E-06	3.42E-05	1.00E-10	1.00E-10	1.00E-10	1.00E-10	1.00E-10	1.00E-10
20151222	5.17	3.38E-06	1.00E-10	1.50E-06	3.42E-05	1.00E-10	1.00E-10	1.00E-10	1.00E-10	1.00E-10	1.00E-10
20151223	5.17	3.38E-06	1.00E-10	1.50E-06	3.42E-05	1.00E-10	1.00E-10	1.00E-10	1.00E-10	1.00E-10	1.00E-10
20151224	5.2	3.38E-06	1.00E-10	5.00E-07	2.33E-05	1.00E-10	1.00E-10	1.00E-10	1.00E-10	1.00E-10	1.00E-10
20151225	5.2	3.38E-06	1.00E-10	5.00E-07	2.33E-05	1.00E-10	1.00E-10	1.00E-10	1.00E-10	1.00E-10	1.00E-10
20151226	5.2	3.38E-06	1.00E-10	5.00E-07	2.33E-05	1.00E-10	1.00E-10	1.00E-10	1.00E-10	1.00E-10	1.00E-10
20151227	5.2	3.38E-06	1.00E-10	5.00E-07	2.33E-05	1.00E-10	1.00E-10	1.00E-10	1.00E-10	1.00E-10	1.00E-10
20151228	5.2	3.38E-06	1.00E-10	5.00E-07	2.33E-05	1.00E-10	1.00E-10	1.00E-10	1.00E-10	1.00E-10	1.00E-10
20151229	5.47	4.23E-06	1.00E-10	8.75E-07	2.17E-05	1.00E-10	1.00E-10	1.00E-10	1.00E-10	1.00E-10	1.00E-10
20151230	5.47	4.23E-06	1.00E-10	8.75E-07	2.17E-05	1.00E-10	1.00E-10	1.00E-10	1.00E-10	1.00E-10	1.00E-10
20151231	5.47	4.23E-06	1.00E-10	8.75E-07	2.17E-05	1.00E-10	1.00E-10	1.00E-10	1.00E-10	1.00E-10	1.00E-10
20160101	5.47	4.23E-06	1.00E-10	8.75E-07	2.17E-05	1.00E-10	1.00E-10	1.00E-10	1.00E-10	1.00E-10	1.00E-10
20160102	5.47	4.23E-06	1.00E-10	8.75E-07	2.17E-05	1.00E-10	1.00E-10	1.00E-10	1.00E-10	1.00E-10	1.00E-10
20160103	5.47	4.23E-06	1.00E-10	8.75E-07	2.17E-05	1.00E-10	1.00E-10	1.00E-10	1.00E-10	1.00E-10	1.00E-10
20160104	5.47	4.23E-06	1.00E-10	8.75E-07	2.17E-05	1.00E-10	1.00E-10	1.00E-10	1.00E-10	1.00E-10	1.00E-10
20160105	5.47	4.23E-06	1.00E-10	8.75E-07	2.17E-05	1.00E-10	1.00E-10	1.00E-10	1.00E-10	1.00E-10	1.00E-10
20160106	5.47	4.23E-06	1.00E-10	8.75E-07	2.17E-05	1.00E-10	1.00E-10	1.00E-10	1.00E-10	1.00E-10	1.00E-10
20160107	5.04	4.23E-06	1.00E-10	1.50E-06	2.92E-05	1.00E-10	1.00E-10	1.00E-10	1.00E-10	1.00E-10	1.00E-10
20160108	5.04	4.23E-06	1.00E-10	1.50E-06	2.92E-05	1.00E-10	1.00E-10	1.00E-10	1.00E-10	1.00E-10	1.00E-10
20160109	5.04	4.23E-06	1.00E-10	1.50E-06	2.92E-05	1.00E-10	1.00E-10	1.00E-10	1.00E-10	1.00E-10	1.00E-10
20160110	5.04	4.23E-06	1.00E-10	1.50E-06	2.92E-05	1.00E-10	1.00E-10	1.00E-10	1.00E-10	1.00E-10	1.00E-10
20160111	5.04	4.23E-06	1.00E-10	1.50E-06	2.92E-05	1.00E-10	1.00E-10	1.00E-10	1.00E-10	1.00E-10	1.00E-10
20160112	5.04	4.23E-06	1.00E-10	1.50E-06	2.92E-05	1.00E-10	1.00E-10	1.00E-10	1.00E-10	1.00E-10	1.00E-10
20160113	4.7	5.08E-06	1.00E-10	2.75E-06	3.92E-05	1.00E-10	1.00E-10	1.00E-10	1.00E-10	1.00E-10	1.00E-10
20160114	4.7	5.08E-06	1.00E-10	2.75E-06	3.92E-05	1.00E-10	1.00E-10	1.00E-10	1.00E-10	1.00E-10	1.00E-10
20160115	4.7	5.08E-06	1.00E-10	2.75E-06	3.92E-05	1.00E-10	1.00E-10	1.00E-10	1.00E-10	1.00E-10	1.00E-10
20160116	4.7	5.08E-06	1.00E-10	2.75E-06	3.92E-05	1.00E-10	1.00E-10	1.00E-10	1.00E-10	1.00E-10	1.00E-10
20160117	4.7	5.08E-06	1.00E-10	2.75E-06	3.92E-05	1.00E-10	1.00E-10	1.00E-10	1.00E-10	1.00E-10	1.00E-10
20160118	4.7	5.08E-06	1.00E-10	2.75E-06	3.92E-05	1.00E-10	1.00E-10	1.00E-10	1.00E-10	1.00E-10	1.00E-10
20160119	4.7	5.08E-06	1.00E-10	2.75E-06	3.92E-05	1.00E-10	1.00E-10	1.00E-10	1.00E-10	1.00E-10	1.00E-10
20160120	5.32	2.20E-05	1.00E-10	4.00E-06	6.42E-05	1.00E-10	1.00E-10	1.00E-10	1.00E-10	1.00E-10	1.00E-10
20160121	5.32	2.20E-05	1.00E-10	4.00E-06	6.42E-05	1.00E-10	1.00E-10	1.00E-10	1.00E-10	1.00E-10	1.00E-10
20160122	5.32	2.20E-05	1.00E-10	4.00E-06	6.42E-05	1.00E-10	1.00E-10	1.00E-10	1.00E-10	1.00E-10	1.00E-10
20160123	5.32	2.20E-05	1.00E-10	4.00E-06	6.42E-05	1.00E-10	1.00E-10	1.00E-10	1.00E-10	1.00E-10	1.00E-10
20160124	5.32	2.20E-05	1.00E-10	4.00E-06	6.42E-05	1.00E-10	1.00E-10	1.00E-10	1.00E-10	1.00E-10	1.00E-10
20160125	5.32	2.20E-05	1.00E-10	4.00E-06	6.42E-05	1.00E-10	1.00E-10	1.00E-10	1.00E-10	1.00E-10	1.00E-10
20160126	5.32	2.20E-05	1.00E-10	4.00E-06	6.42E-05	1.00E-10	1.00E-10	1.00E-10	1.00E-10	1.00E-10	1.00E-10
20160127	5.4	1.35E-05	1.00E-10	6.75E-06	2.67E-05	1.00E-10	1.00E-10	1.00E-10	1.00E-10	1.00E-10	1.00E-10
20160128	5.4	1.35E-05	1.00E-10	6.75E-06	2.67E-05	1.00E-10	1.00E-10	1.00E-10	1.00E-10	1.00E-10	1.00E-10
20160129	5.4	1.35E-05	1.00E-10	6.75E-06	2.67E-05	1.00E-10	1.00E-10	1.00E-10	1.00E-10	1.00E-10	1.00E-10
20160130	5.4	1.35E-05	1.00E-10	6.75E-06	2.67E-05	1.00E-10	1.00E-10	1.00E-10	1.00E-10	1.00E-10	1.00E-10
20160131	5.4	1.35E-05	1.00E-10	6.75E-06	2.67E-05	1.00E-10	1.00E-10	1.00E-10	1.00E-10	1.00E-10	1.00E-10
20160201	5.4	1.35E-05	1.00E-10	6.75E-06	2.67E-05	1.00E-10	1.00E-10	1.00E-10	1.00E-10	1.00E-10	1.00E-10
20160202	5.4	1.35E-05	1.00E-10	6.75E-06	2.67E-05	1.00E-10	1.00E-10	1.00E-10	1.00E-10	1.00E-10	1.00E-10
20160203	5.4	1.35E-05	1.00E-10	6.75E-06	2.67E-05	1.00E-10	1.00E-10	1.00E-10	1.00E-10	1.00E-10	1.00E-10
20160204	5.4	1.35E-05	1.00E-10	6.75E-06	2.67E-05	1.00E-10	1.00E-10	1.00E-10	1.00E-10	1.00E-10	1.00E-10
20160205	5.4	1.35E-05	1.00E-10	6.75E-06	2.67E-05	1.00E-10	1.00E-10	1.00E-10	1.00E-10	1.00E-10	1.00E-10
20160206	5.4	1.35E-05	1.00E-10	6.75E-06	2.67E-05	1.00E-10	1.00E-10	1.00E-10	1.00E-10	1.00E-10	1.00E-10
20160207	5.4	1.35E-05	1.00E-10	6.75E-06	2.67E-05	1.00E-10	1.00E-10	1.00E-10	1.00E-10	1.00E-10	1.00E-10
20160208	5.4	1.35E-05	1.00E-10	6.75E-06	2.67E-05	1.00E-10	1.00E-10	1.00E-10	1.00E-10	1.00E-10	1.00E-10
20160209	5.4	1.35E-05	1.00E-10	6.75E-06	2.67E-05	1.00E-10	1.00E-10	1.00E-10	1.00E-10	1.00E-10	1.00E-10
20160210	5.17	2.34E-05	1.00E-10	1.75E-06	4.92E-05	1.00E-10	1.00E-10	1.00E-10	1.00E-10	1.00E-10	1.00E-10
20160211	5.17	2.34E-05	1.00E-10	1.75E-06	4.92E-05	1.00E-10	1.00E-10	1.00E-10	1.00E-10	1.00E-10	1.00E-10
20160212	5.17	2.34E-05	1.00E-10	1.75E-06	4.92E-05	1.00E-10	1.00E-10	1.00E-10	1.00E-10	1.00E-10	1.00E-10
20160213	5.17	2.34E-05	1.00E-10	1.75E-06	4.92E-05	1.00E-10	1.00E-10	1.00E-10	1.00E-10	1.00E-10	1.00E-10
20160214	5.17	2.34E-05	1.00E-10	1.75E-06	4.92E-05	1.00E-10	1.00E-10	1.00E-10	1.00E-10	1.00E-10	1.00E-10
20160215	5.17	2.34E-05	1.00E-10	1.75E-06	4.92E-05	1.00E-10	1.00E-10	1.00E-10	1.00E-10	1.00E-10	1.00E-10
20160216	5.17	2.34E-05	1.00E-10	1.75E-06	4.92E-05	1.00E-10	1.00E-10	1.00E-10	1.00E-10	1.00E-10	1.00E-10
20160217	5.17	2.34E-05	1.00E-10	1.75E-06	4.92E-05	1.00E-10	1.00E-10	1.00E-10	1.00E-10	1.00E-10	1.00E-10
20160218	6.04	5.92E-06	1.00E-10	2.72E-05	9.75E-05	1.00E-10	1.00E-10	1.00E-10	1.00E-10	1.00E-10	1.00E-10
20160219	6.04	5.92E-06	1.00E-10	2.72E-05	9.75E-05	1.00E-10	1.00E-10	1.00E-10	1.00E-10	1.00E-10	1.00E-10
20160220	6.04	5.92E-06	1.00E-10	2.72E-05	9.75E-05	1.00E-10	1.00E-10	1.00E-10	1.00E-10	1.00E-10	1.00E-10
20160221	6.04	5.92E-06	1.00E-10	2.72E-05	9.75E-05	1.00E-10	1.00E-10	1.00E-10	1.00E-10	1.00E-10	1.00E-10
20160222	6.04	5.92E-06	1.00E-10	2.72E-05	9.75E-05	1.00E-10	1.00E-10	1.00E-10	1.00E-10	1.00E-10	1.00E-10
20160223	6.04	5.92E-06	1.00E-10	2.72E-05	9.75E-05	1.00E-10	1.00E-10	1.00E-10	1.00E-10	1.00E-10	1.00E-10
20160224	5.23	8.55E-07	1.00E-10	8.00E-07	2.83E-05	1.00E-10	1.00E-10	1.00E-10	1.00E-10	1.00E-10	1.00E-10
20160225	5.23	8.55E-07	1.00E-10	8.00E-07	2.83E-05	1.00E-10	1.00E-10	1.00E-10	1.00E-10	1.00E-10	1.00E-10
20160226	5.23	8.55E-07	1.00E-10	8.00E-07	2.83E-05	1.00E-10	1.00E-10	1.00E-10	1.00E-10	1.00E-10	1.00E-10
20160227	5.23	8.55E-07	1.00E-10	8.00E-07	2.83E-05	1.00E-10	1.00E-10	1.00E-10	1.00E-10	1.00E-10	1.00E-10
20160228	5.23	8.55E-07	1.00E-10	8.00E-07	2.83E-05	1.00E-10	1.00E-10	1.00E-10	1.00E-10	1.00E-10	1.00E-10
20160229	5.23	8.55E-07	1.00E-10	8.00E-07	2.83E-05	1.00E-10	1.00E-10	1.00E-10	1.00E-10	1.00E-10	1.00E-10
20160301	5.23	8.55E-07	1.00E-10	8.00E-07	2.83E-05	1.00E-10	1.00E-10	1.00E-10	1.00E-10	1.00E-10	1.00E-10
20160302	5.19	6.21E-06	1.00E-10	3.00E-06	6.17E-05	1.00E-10	1.00E-10	1.00E-10	1.00E-10	1.00E-10	1.00E-10
20160303	5.19	6.21E-06	1.00E-10	3.00E-06	6.17E-05	1.00E-10	1.00E-10	1.00E-10	1.00E-10	1.00E-10	1.00E-10
20160304	5.19	6.21E-06	1.00E-10	3.00E-06	6.17E-05	1.00E-10	1.00E-10	1.00E-10	1.00E-10	1.00E-10	1.00E-10
20160305	5.19	6.21E-06	1.00E-10	3.00E-06	6.17E-05	1.00E-10	1.00E-10	1.00E-10	1.00E-10	1.00E-10	1.00E-10
20160306	5.19	6.21E-06	1.00E-10	3.00E-06	6.17E-05	1.00E-10	1.00E-10	1.00E-10	1.00E-10	1.00E-10	1.00E-10
20160307	5.19	6.21E-06	1.00E-10	3.00E-06	6.17E-05	1.00E-10	1.00E-10	1.00E-10	1.00E-10	1.00E-10	1.00E-10
20160308	5.19	6.21E-06	1.00E-10	3.00E-06	6.17E-05	1.00E-10	1.00E-10	1.00E-10	1.00E-10	1.00E-10	1.00E-10
20160309	5.21	5.27E-06	1.00E-10	1.25E-06	4.50E-05	1.00E-10	1.00E-10	1.00E-10	1.00E-10	1.00E-10	1.00E-10
20160310	5.21	5.27E-06	1.00E-10	1.25E-06	4.50E-05	1.00E-10	1.00E-10	1.00E-10	1.00E-10	1.00E-10	1.00E-10
20160311	5.21	5.27E-06	1.00E-10	1.25E-06	4.50E-05	1.00E-10	1.00E-10	1.00E-10	1.00E-10	1.00E-10	1.00E-10
20160312	5.21	5.27E-06	1.00E-10	1.25E-06	4.50E-05	1.00E-10	1.00E-10	1.00E-10	1.00E-10	1.00E-10	1.00E-10
20160313	5.21	5.27E-06	1.00E-10	1.25E-06	4.50E-05	1.00E-10	1.00E-10	1.00E-10	1.00E-10	1.00E-10	1.00E-10
20160314	5.21	5.27E-06	1.00E-10	1.25E-06	4.50E-05	1.00E-10	1.00E-10	1.00E-10	1.00E-10	1.00E-10	1.00E-10
20160315	5.21	5.27E-06	1.00E-10	1.25E-06	4.50E-05	1.00E-10	1.00E-10	1.00E-10	1.00E-10	1.00E-10	1.00E-10
20160316	6.37	9.87E-06	1.00E-10	1.96E-05	6.67E-05	1.00E-10	1.00E-10	1.00E-10	1.00E-10	1.00E-10	1.00E-10
20160317	6.37	9.87E-06	1.00E-10	1.96E-05	6.67E-05	1.00E-10	1.00E-10	1.00E-10	1.00E-10	1.00E-10	1.00E-10
20160318	6.37	9.87E-06	1.00E-10	1.96E-05	6.67E-05	1.00E-10	1.00E-10	1.00E-10	1.00E-10	1.00E-10	1.00E-10
20160319	6.37	9.87E-06	1.00E-10	1.96E-05	6.67E-05	1.00E-10	1.00E-10	1.00E-10	1.00E-10	1.00E-10	1.00E-10
20160320	6.37	9.87E-06	1.00E-10	1.96E-05	6.67E-05	1.00E-10	1.00E-10	1.00E-10	1.00E-10	1.00E-10	1.00E-10
20160321	6.37	9.87E-06	1.00E-10	1.96E-05	6.67E-05	1.00E-10	1.00E-10	1.00E-10	1.00E-10	1.00E-10	1.00E-10
20160322	6.37	9.87E-06	1.00E-10	1.96E-05	6.67E-05	1.00E-10	1.00E-10	1.00E-10	1.00E-10	1.00E-10	1.00E-10
20160323	5.6	4.03E-06	1.00E-10	7.70E-06	5.25E-05	1.00E-10	1.00E-10	1.00E-10	1.00E-10	1.00E-10	1.00E-10
20160324	5.6	4.03E-06	1.00E-10	7.70E-06	5.25E-05	1.00E-10	1.00E-10	1.00E-10	1.00E-10	1.00E-10	1.00E-10
20160325	5.6	4.03E-06	1.00E-10	7.70E-06	5.25E-05	1.00E-10	1.00E-10	1.00E-10	1.00E-10	1.00E-10	1.00E-10
20160326	5.6	4.03E-06	1.00E-10	7.70E-06	5.25E-05	1.00E-10	1.00E-10	1.00E-10	1.00E-10	1.00E-10	1.00E-10
20160327	5.6	4.03E-06	1.00E-10	7.70E-06	5.25E-05	1.00E-10	1.00E-10	1.00E-10	1.00E-10	1.00E-10	1.00E-10
20160328	5.6	4.03E-06	1.00E-10	7.70E-06	5.25E-05	1.00E-10	1.00E-10	1.00E-10	1.00E-10	1.00E-10	1.00E-10
20160329	5.6	4.03E-06	1.00E-10	7.70E-06	5.25E-05	1.00E-10	1.00E-10	1.00E-10	1.00E-10	1.00E-10	1.00E-10
20160330	5.67	9.22E-06	1.00E-10	8.35E-06	5.08E-05	1.00E-10	1.00E-10	1.00E-10	1.00E-10	1.00E-10	1.00E-10
20160331	5.67	9.22E-06	1.00E-10	8.35E-06	5.08E-05	1.00E-10	1.00E-10	1.00E-10	1.00E-10	1.00E-10	1.00E-10
20160401	5.67	9.22E-06	1.00E-10	8.35E-06	5.08E-05	1.00E-10	1.00E-10	1.00E-10	1.00E-10	1.00E-10	1.00E-10
20160402	5.67	9.22E-06	1.00E-10	8.35E-06	5.08E-05	1.00E-10	1.00E-10	1.00E-10	1.00E-10	1.00E-10	1.00E-10
20160403	5.67	9.22E-06	1.00E-10	8.35E-06	5.08E-05	1.00E-10	1.00E-10	1.00E-10	1.00E-10	1.00E-10	1.00E-10
20160404	5.67	9.22E-06	1.00E-10	8.35E-06	5.08E-05	1.00E-10	1.00E-10	1.00E-10	1.00E-10	1.00E-10	1.00E-10
20160405	5.67	9.22E-06	1.00E-10	8.35E-06	5.08E-05	1.00E-10	1.00E-10	1.00E-10	1.00E-10	1.00E-10	1.00E-10
20160406	5.34	1.56E-05	1.00E-10	3.60E-06	4.92E-05	1.00E-10	1.00E-10	1.00E-10	1.00E-10	1.00E-10	1.00E-10
20160407	5.34	1.56E-05	1.00E-10	3.60E-06	4.92E-05	1.00E-10	1.00E-10	1.00E-10	1.00E-10	1.00E-10	1.00E-10
20160408	5.34	1.56E-05	1.00E-10	3.60E-06	4.92E-05	1.00E-10	1.00E-10	1.00E-10	1.00E-10	1.00E-10	1.00E-10
20160409	5.34	1.56E-05	1.00E-10	3.60E-06	4.92E-05	1.00E-10	1.00E-10	1.00E-10	1.00E-10	1.00E-10	1.00E-10
20160410	5.34	1.56E-05	1.00E-10	3.60E-06	4.92E-05	1.00E-10	1.00E-10	1.00E-10	1.00E-10	1.00E-10	1.00E-10
20160411	5.34	1.56E-05	1.00E-10	3.60E-06	4.92E-05	1.00E-10	1.00E-10	1.00E-10	1.00E-10	1.00E-10	1.00E-10
20160412	5.34	1.56E-05	1.00E-10	3.60E-06	4.92E-05	1.00E-10	1.00E-10	1.00E-10	1.00E-10	1.00E-10	1.00E-10
20160413	5.34	1.56E-05	1.00E-10	3.60E-06	4.92E-05	1.00E-10	1.00E-10	1.00E-10	1.00E-10	1.00E-10	1.00E-10
20160414	5.65	2.71E-06	1.00E-10	1.20E-05	5.92E-05	1.00E-10	1.00E-10	1.00E-10	1.00E-10	1.00E-10	1.00E-10
20160415	5.65	2.71E-06	1.00E-10	1.20E-05	5.92E-05	1.00E-10	1.00E-10	1.00E-10	1.00E-10	1.00E-10	1.00E-10
20160416	5.65	2.71E-06	1.00E-10	1.20E-05	5.92E-05	1.00E-10	1.00E-10	1.00E-10	1.00E-10	1.00E-10	1.00E-10
20160417	5.65	2.71E-06	1.00E-10	1.20E-05	5.92E-05	1.00E-10	1.00E-10	1.00E-10	1.00E-10	1.00E-10	1.00E-10
20160418	5.65	2.71E-06	1.00E-10	1.20E-05	5.92E-05	1.00E-10	1.00E-10	1.00E-10	1.00E-10	1.00E-10	1.00E-10
20160419	5.65	2.71E-06	1.00E-10	1.20E-05	5.92E-05	1.00E-10	1.00E-10	1.00E-10	1.00E-10	1.00E-10	1.00E-10
20160420	5.845	5.05E-07	1.00E-10	6.10E-06	5.33E-05	1.00E-10	1.00E-10	1.00E-10	1.00E-10	1.00E-10	1.00E-10
20160421	5.845	5.05E-07	1.00E-10	6.10E-06	5.33E-05	1.00E-10	1.00E-10	1.00E-10	1.00E-10	1.00E-10	1.00E-10
20160422	5.845	5.05E-07	1.00E-10	6.10E-06	5.33E-05	1.00E-10	1.00E-10	1.00E-10	1.00E-10	1.00E-10	1.00E-10
20160423	5.845	5.05E-07	1.00E-10	6.10E-06	5.33E-05	1.00E-10	1.00E-10	1.00E-10	1.00E-10	1.00E-10	1.00E-10
20160424	5.845	5.05E-07	1.00E-10	6.10E-06	5.33E-05	1.00E-10	1.00E-10	1.00E-10	1.00E-10	1.00E-10	1.00E-10
20160425	5.845	5.05E-07	1.00E-10	6.10E-06	5.33E-05	1.00E-10	1.00E-10	1.00E-10	1.00E-10	1.00E-10	1.00E-10
20160426	5.845	5.05E-07	1.00E-10	6.10E-06	5.33E-05	1.00E-10	1.00E-10	1.00E-10	1.00E-10	1.00E-10	1.00E-10
20160427	5.845	5.05E-07	1.00E-10	6.10E-06	5.33E-05	1.00E-10	1.00E-10	1.00E-10	1.00E-10	1.00E-10	1.00E-10
20160428	5.845	5.05E-07	1.00E-10	6.10E-06	5.33E-05	1.00E-10	1.00E-10	1.00E-10	1.00E-10	1.00E-10	1.00E-10
20160429	5.845	5.05E-07	1.00E-10	6.10E-06	5.33E-05	1.00E-10	1.00E-10	1.00E-10	1.00E-10	1.00E-10	1.00E-10
20160430	5.845	5.05E-07	1.00E-10	6.10E-06	5.33E-05	1.00E-10	1.00E-10	1.00E-10	1.00E-10	1.00E-10	1.00E-10
20160501	5.845	5.05E-07	1.00E-10	6.10E-06	5.33E-05	1.00E-10	1.00E-10	1.00E-10	1.00E-10	1.00E-10	1.00E-10
20160502	5.845	5.05E-07	1.00E-10	6.10E-06	5.33E-05	1.00E-10	1.00E-10	1.00E-10	1.00E-10	1.00E-10	1.00E-10
20160503	5.845	5.05E-07	1.00E-10	6.10E-06	5.33E-05	1.00E-10	1.00E-10	1.00E-10	1.00E-10	1.00E-10	1.00E-10
20160504	5.52	5.19E-06	1.00E-10	1.95E-06	5.83E-05	1.00E-10	1.00E-10	1.00E-10	1.00E-10	1.00E-10	1.00E-10
20160505	5.52	5.19E-06	1.00E-10	1.95E-06	5.83E-05	1.00E-10	1.00E-10	1.00E-10	1.00E-10	1.00E-10	1.00E-10
20160506	5.52	5.19E-06	1.00E-10	1.95E-06	5.83E-05	1.00E-10	1.00E-10	1.00E-10	1.00E-10	1.00E-10	1.00E-10
20160507	5.52	5.19E-06	1.00E-10	1.95E-06	5.83E-05	1.00E-10	1.00E-10	1.00E-10	1.00E-10	1.00E-10	1.00E-10
20160508	5.52	5.19E-06	1.00E-10	1.95E-06	5.83E-05	1.00E-10	1.00E-10	1.00E-10	1.00E-10	1.00E-10	1.00E-10
20160509	5.52	5.19E-06	1.00E-10	1.95E-06	5.83E-05	1.00E-10	1.00E-10	1.00E-10	1.00E-10	1.00E-10	1.00E-10
20160510	5.52	5.19E-06	1.00E-10	1.95E-06	5.83E-05	1.00E-10	1.00E-10	1.00E-10	1.00E-10	1.00E-10	1.00E-10
20160511	5.53	3.98E-06	1.00E-10	2.15E-06	6.92E-05	1.00E-10	1.00E-10	1.00E-10	1.00E-10	1.00E-10	1.00E-10
20160512	5.53	3.98E-06	1.00E-10	2.15E-06	6.92E-05	1.00E-10	1.00E-10	1.00E-10	1.00E-10	1.00E-10	1.00E-10
20160513	5.53	3.98E-06	1.00E-10	2.15E-06	6.92E-05	1.00E-10	1.00E-10	1.00E-10	1.00E-10	1.00E-10	1.00E-10
20160514	5.53	3.98E-06	1.00E-10	2.15E-06	6.92E-05	1.00E-10	1.00E-10	1.00E-10	1.00E-10	1.00E-10	1.00E-10
20160515	5.53	3.98E-06	1.00E-10	2.15E-06	6.92E-05	1.00E-10	1.00E-10	1.00E-10	1.00E-10	1.00E-10	1.00E-10
20160516	5.53	3.98E-06	1.00E-10	2.15E-06	6.92E-05	1.00E-10	1.00E-10	1.00E-10	1.00E-10	1.00E-10	1.00E-10
20160517	5.53	3.98E-06	1.00E-10	2.15E-06	6.92E-05	1.00E-10	1.00E-10	1.00E-10	1.00E-10	1.00E-10	1.00E-10
20160518	5.13	6.44E-06	1.00E-10	9.23E-06	0.000390833	1.00E-10	1.00E-10	1.00E-10	1.00E-10	1.00E-10	1.00E-10
20160519	5.13	6.44E-06	1.00E-10	9.23E-06	0.000390833	1.00E-10	1.00E-10	1.00E-10	1.00E-10	1.00E-10	1.00E-10
20160520	5.13	6.44E-06	1.00E-10	9.23E-06	0.000390833	1.00E-10	1.00E-10	1.00E-10	1.00E-10	1.00E-10	1.00E-10
20160521	5.13	6.44E-06	1.00E-10	9.23E-06	0.000390833	1.00E-10	1.00E-10	1.00E-10	1.00E-10	1.00E-10	1.00E-10
20160522	5.13	6.44E-06	1.00E-10	9.23E-06	0.000390833	1.00E-10	1.00E-10	1.00E-10	1.00E-10	1.00E-10	1.00E-10
20160523	5.13	6.44E-06	1.00E-10	9.23E-06	0.000390833	1.00E-10	1.00E-10	1.00E-10	1.00E-10	1.00E-10	1.00E-10
20160524	5.13	6.44E-06	1.00E-10	9.23E-06	0.000390833	1.00E-10	1.00E-10	1.00E-10	1.00E-10	1.00E-10	1.00E-10
20160525	5.13	6.44E-06	1.00E-10	9.23E-06	0.000390833	1.00E-10	1.00E-10	1.00E-10	1.00E-10	1.00E-10	1.00E-10
20160526	5.13	6.44E-06	1.00E-10	9.23E-06	0.000390833	1.00E-10	1.00E-10	1.00E-10	1.00E-10	1.00E-10	1.00E-10
20160527	5.13	6.44E-06	1.00E-10	9.23E-06	0.000390833	1.00E-10	1.00E-10	1.00E-10	1.00E-10	1.00E-10	1.00E-10
20160528	5.13	6.44E-06	1.00E-10	9.23E-06	0.000390833	1.00E-10	1.00E-10	1.00E-10	1.00E-10	1.00E-10	1.00E-10
20160529	5.13	6.44E-06	1.00E-10	9.23E-06	0.000390833	1.00E-10	1.00E-10	1.00E-10	1.00E-10	1.00E-10	1.00E-10
20160530	5.13	6.44E-06	1.00E-10	9.23E-06	0.000390833	1.00E-10	1.00E-10	1.00E-10	1.00E-10	1.00E-10	1.00E-10
20160531	5.13	6.44E-06	1.00E-10	9.23E-06	0.000390833	1.00E-10	1.00E-10	1.00E-10	1.00E-10	1.00E-10	1.00E-10
20160601	5.13	6.44E-06	1.00E-10	9.23E-06	0.000390833	1.00E-10	1.00E-10	1.00E-10	1.00E-10	1.00E-10	1.00E-10
20160602	5.21	3.19E-06	1.00E-10	2.45E-06	0.000123333	1.00E-10	1.00E-10	1.00E-10	1.00E-10	1.00E-10	1.00E-10
20160603	5.21	3.19E-06	1.00E-10	2.45E-06	0.000123333	1.00E-10	1.00E-10	1.00E-10	1.00E-10	1.00E-10	1.00E-10
20160604	5.21	3.19E-06	1.00E-10	2.45E-06	0.000123333	1.00E-10	1.00E-10	1.00E-10	1.00E-10	1.00E-10	1.00E-10
20160605	5.21	3.19E-06	1.00E-10	2.45E-06	0.000123333	1.00E-10	1.00E-10	1.00E-10	1.00E-10	1.00E-10	1.00E-10
20160606	5.24	2.20E-06	1.00E-10	1.75E-06	7.50E-05	1.00E-10	1.00E-10	1.00E-10	1.00E-10	1.00E-10	1.00E-10
20160607	5.24	2.20E-06	1.00E-10	1.75E-06	7.50E-05	1.00E-10	1.00E-10	1.00E-10	1.00E-10	1.00E-10	1.00E-10
20160608	5.24	2.20E-06	1.00E-10	1.75E-06	7.50E-05	1.00E-10	1.00E-10	1.00E-10	1.00E-10	1.00E-10	1.00E-10
20160609	5.24	2.20E-06	1.00E-10	1.75E-06	7.50E-05	1.00E-10	1.00E-10	1.00E-10	1.00E-10	1.00E-10	1.00E-10
20160610	5.24	2.20E-06	1.00E-10	1.75E-06	7.50E-05	1.00E-10	1.00E-10	1.00E-10	1.00E-10	1.00E-10	1.00E-10
20160611	5.24	2.20E-06	1.00E-10	1.75E-06	7.50E-05	1.00E-10	1.00E-10	1.00E-10	1.00E-10	1.00E-10	1.00E-10
20160612	5.24	2.20E-06	1.00E-10	1.75E-06	7.50E-05	1.00E-10	1.00E-10	1.00E-10	1.00E-10	1.00E-10	1.00E-10
20160613	5.24	2.20E-06	1.00E-10	1.75E-06	7.50E-05	1.00E-10	1.00E-10	1.00E-10	1.00E-10	1.00E-10	1.00E-10
20160614	5.24	2.20E-06	1.00E-10	1.75E-06	7.50E-05	1.00E-10	1.00E-10	1.00E-10	1.00E-10	1.00E-10	1.00E-10
20160615	6.45	7.28E-06	1.00E-10	1.38E-05	0.000463333	1.00E-10	1.00E-10	1.00E-10	1.00E-10	1.00E-10	1.00E-10
20160616	6.45	7.28E-06	1.00E-10	1.38E-05	0.000463333	1.00E-10	1.00E-10	1.00E-10	1.00E-10	1.00E-10	1.00E-10
20160617	6.45	7.28E-06	1.00E-10	1.38E-05	0.000463333	1.00E-10	1.00E-10	1.00E-10	1.00E-10	1.00E-10	1.00E-10
20160618	6.45	7.28E-06	1.00E-10	1.38E-05	0.000463333	1.00E-10	1.00E-10	1.00E-10	1.00E-10	1.00E-10	1.00E-10
20160619	6.45	7.28E-06	1.00E-10	1.38E-05	0.000463333	1.00E-10	1.00E-10	1.00E-10	1.00E-10	1.00E-10	1.00E-10
20160620	6.45	7.28E-06	1.00E-10	1.38E-05	0.000463333	1.00E-10	1.00E-10	1.00E-10	1.00E-10	1.00E-10	1.00E-10
20160621	6.45	7.28E-06	1.00E-10	1.38E-05	0.000463333	1.00E-10	1.00E-10	1.00E-10	1.00E-10	1.00E-10	1.00E-10
20160622	5.23	2.06E-06	1.00E-10	1.05E-06	8.83E-05	1.00E-10	1.00E-10	1.00E-10	1.00E-10	1.00E-10	1.00E-10
20160623	5.23	2.06E-06	1.00E-10	1.05E-06	8.83E-05	1.00E-10	1.00E-10	1.00E-10	1.00E-10	1.00E-10	1.00E-10
20160624	5.23	2.06E-06	1.00E-10	1.05E-06	8.83E-05	1.00E-10	1.00E-10	1.00E-10	1.00E-10	1.00E-10	1.00E-10
20160625	5.23	2.06E-06	1.00E-10	1.05E-06	8.83E-05	1.00E-10	1.00E-10	1.00E-10	1.00E-10	1.00E-10	1.00E-10
20160626	5.23	2.06E-06	1.00E-10	1.05E-06	8.83E-05	1.00E-10	1.00E-10	1.00E-10	1.00E-10	1.00E-10	1.00E-10
20160627	5.23	2.06E-06	1.00E-10	1.05E-06	8.83E-05	1.00E-10	1.00E-10	1.00E-10	1.00E-10	1.00E-10	1.00E-10
20160628	5.23	2.06E-06	1.00E-10	1.05E-06	8.83E-05	1.00E-10	1.00E-10	1.00E-10	1.00E-10	1.00E-10	1.00E-10
20160629	5.23	2.06E-06	1.00E-10	1.05E-06	8.83E-05	1.00E-10	1.00E-10	1.00E-10	1.00E-10	1.00E-10	1.00E-10
20160630	5.095	2.96E-06	1.00E-10	1.20E-06	9.92E-05	1.00E-10	1.00E-10	1.00E-10	1.00E-10	1.00E-10	1.00E-10
20160701	5.095	2.96E-06	1.00E-10	1.20E-06	9.92E-05	1.00E-10	1.00E-10	1.00E-10	1.00E-10	1.00E-10	1.00E-10
20160702	5.095	2.96E-06	1.00E-10	1.20E-06	9.92E-05	1.00E-10	1.00E-10	1.00E-10	1.00E-10	1.00E-10	1.00E-10
20160703	5.095	2.96E-06	1.00E-10	1.20E-06	9.92E-05	1.00E-10	1.00E-10	1.00E-10	1.00E-10	1.00E-10	1.00E-10
20160704	5.095	2.96E-06	1.00E-10	1.20E-06	9.92E-05	1.00E-10	1.00E-10	1.00E-10	1.00E-10	1.00E-10	1.00E-10
20160705	5.03	2.96E-06	1.00E-10	1.35E-06	0.0001475	1.00E-10	1.00E-10	1.00E-10	1.00E-10	1.00E-10	1.00E-10
20160706	5.03	2.96E-06	1.00E-10	1.35E-06	0.0001475	1.00E-10	1.00E-10	1.00E-10	1.00E-10	1.00E-10	1.00E-10
20160707	5.03	2.96E-06	1.00E-10	1.35E-06	0.0001475	1.00E-10	1.00E-10	1.00E-10	1.00E-10	1.00E-10	1.00E-10
20160708	5.03	2.96E-06	1.00E-10	1.35E-06	0.0001475	1.00E-10	1.00E-10	1.00E-10	1.00E-10	1.00E-10	1.00E-10
20160709	5.03	2.96E-06	1.00E-10	1.35E-06	0.0001475	1.00E-10	1.00E-10	1.00E-10	1.00E-10	1.00E-10	1.00E-10
20160710	5.03	2.96E-06	1.00E-10	1.35E-06	0.0001475	1.00E-10	1.00E-10	1.00E-10	1.00E-10	1.00E-10	1.00E-10
20160711	5.03	2.96E-06	1.00E-10	1.35E-06	0.0001475	1.00E-10	1.00E-10	1.00E-10	1.00E-10	1.00E-10	1.00E-10
20160712	5.03	2.96E-06	1.00E-10	1.35E-06	0.0001475	1.00E-10	1.00E-10	1.00E-10	1.00E-10	1.00E-10	1.00E-10
20160713	4.97	3.05E-06	1.00E-10	1.80E-06	9.75E-05	1.00E-10	1.00E-10	1.00E-10	1.00E-10	1.00E-10	1.00E-10
20160714	4.97	3.05E-06	1.00E-10	1.80E-06	9.75E-05	1.00E-10	1.00E-10	1.00E-10	1.00E-10	1.00E-10	1.00E-10
20160715	4.97	3.05E-06	1.00E-10	1.80E-06	9.75E-05	1.00E-10	1.00E-10	1.00E-10	1.00E-10	1.00E-10	1.00E-10
20160716	4.97	3.05E-06	1.00E-10	1.80E-06	9.75E-05	1.00E-10	1.00E-10	1.00E-10	1.00E-10	1.00E-10	1.00E-10
20160717	4.97	3.05E-06	1.00E-10	1.80E-06	9.75E-05	1.00E-10	1.00E-10	1.00E-10	1.00E-10	1.00E-10	1.00E-10
20160718	5.13	5.02E-06	1.00E-10	1.70E-06	0.000126667	1.00E-10	1.00E-10	1.00E-10	1.00E-10	1.00E-10	1.00E-10
20160719	5.13	5.02E-06	1.00E-10	1.70E-06	0.000126667	1.00E-10	1.00E-10	1.00E-10	1.00E-10	1.00E-10	1.00E-10
20160720	5.13	5.02E-06	1.00E-10	1.70E-06	0.000126667	1.00E-10	1.00E-10	1.00E-10	1.00E-10	1.00E-10	1.00E-10
20160721	5.13	5.02E-06	1.00E-10	1.70E-06	0.000126667	1.00E-10	1.00E-10	1.00E-10	1.00E-10	1.00E-10	1.00E-10
20160722	5.13	5.02E-06	1.00E-10	1.70E-06	0.000126667	1.00E-10	1.00E-10	1.00E-10	1.00E-10	1.00E-10	1.00E-10
20160723	5.13	5.02E-06	1.00E-10	1.70E-06	0.000126667	1.00E-10	1.00E-10	1.00E-10	1.00E-10	1.00E-10	1.00E-10
20160724	5.13	5.02E-06	1.00E-10	1.70E-06	0.000126667	1.00E-10	1.00E-10	1.00E-10	1.00E-10	1.00E-10	1.00E-10
20160725	6.12	2.48E-06	1.00E-10	1.23E-06	8.67E-05	1.00E-10	1.00E-10	1.00E-10	1.00E-10	1.00E-10	1.00E-10
20160726	6.12	2.48E-06	1.00E-10	1.23E-06	8.67E-05	1.00E-10	1.00E-10	1.00E-10	1.00E-10	1.00E-10	1.00E-10
20160727	6.12	2.48E-06	1.00E-10	1.23E-06	8.67E-05	1.00E-10	1.00E-10	1.00E-10	1.00E-10	1.00E-10	1.00E-10
20160728	6.12	2.48E-06	1.00E-10	1.23E-06	8.67E-05	1.00E-10	1.00E-10	1.00E-10	1.00E-10	1.00E-10	1.00E-10
20160729	6.12	2.48E-06	1.00E-10	1.23E-06	8.67E-05	1.00E-10	1.00E-10	1.00E-10	1.00E-10	1.00E-10	1.00E-10
20160730	6.12	2.48E-06	1.00E-10	1.23E-06	8.67E-05	1.00E-10	1.00E-10	1.00E-10	1.00E-10	1.00E-10	1.00E-10
20160731	6.12	2.48E-06	1.00E-10	1.23E-06	8.67E-05	1.00E-10	1.00E-10	1.00E-10	1.00E-10	1.00E-10	1.00E-10
20160801	6.12	2.48E-06	1.00E-10	1.23E-06	8.67E-05	1.00E-10	1.00E-10	1.00E-10	1.00E-10	1.00E-10	1.00E-10
20160802	6.12	2.48E-06	1.00E-10	1.23E-06	8.67E-05	1.00E-10	1.00E-10	1.00E-10	1.00E-10	1.00E-10	1.00E-10
20160803	5.28	7.64E-06	1.00E-10	6.10E-06	0.000254167	1.00E-10	1.00E-10	1.00E-10	1.00E-10	1.00E-10	1.00E-10
20160804	5.28	7.64E-06	1.00E-10	6.10E-06	0.000254167	1.00E-10	1.00E-10	1.00E-10	1.00E-10	1.00E-10	1.00E-10
20160805	5.28	7.64E-06	1.00E-10	6.10E-06	0.000254167	1.00E-10	1.00E-10	1.00E-10	1.00E-10	1.00E-10	1.00E-10
20160806	5.28	7.64E-06	1.00E-10	6.10E-06	0.000254167	1.00E-10	1.00E-10	1.00E-10	1.00E-10	1.00E-10	1.00E-10
20160807	5.28	7.64E-06	1.00E-10	6.10E-06	0.000254167	1.00E-10	1.00E-10	1.00E-10	1.00E-10	1.00E-10	1.00E-10
20160808	5.28	7.64E-06	1.00E-10	6.10E-06	0.000254167	1.00E-10	1.00E-10	1.00E-10	1.00E-10	1.00E-10	1.00E-10
20160809	5.67	6.35E-06	1.00E-10	4.10E-06	0.000111667	1.00E-10	1.00E-10	1.00E-10	1.00E-10	1.00E-10	1.00E-10
20160810	5.67	6.35E-06	1.00E-10	4.10E-06	0.000111667	1.00E-10	1.00E-10	1.00E-10	1.00E-10	1.00E-10	1.00E-10
20160811	5.67	6.35E-06	1.00E-10	4.10E-06	0.000111667	1.00E-10	1.00E-10	1.00E-10	1.00E-10	1.00E-10	1.00E-10
20160812	5.67	6.35E-06	1.00E-10	4.10E-06	0.000111667	1.00E-10	1.00E-10	1.00E-10	1.00E-10	1.00E-10	1.00E-10
20160813	5.67	6.35E-06	1.00E-10	4.10E-06	0.000111667	1.00E-10	1.00E-10	1.00E-10	1.00E-10	1.00E-10	1.00E-10
20160814	5.67	6.35E-06	1.00E-10	4.10E-06	0.000111667	1.00E-10	1.00E-10	1.00E-10	1.00E-10	1.00E-10	1.00E-10
20160815	5.67	6.35E-06	1.00E-10	4.10E-06	0.000111667	1.00E-10	1.00E-10	1.00E-10	1.00E-10	1.00E-10	1.00E-10
20160816	5.14	3.98E-06	1.00E-10	4.00E-07	4.75E-05	1.00E-10	1.00E-10	1.00E-10	1.00E-10	1.00E-10	1.00E-10
20160817	5.14	3.98E-06	1.00E-10	4.00E-07	4.75E-05	1.00E-10	1.00E-10	1.00E-10	1.00E-10	1.00E-10	1.00E-10
20160818	5.14	3.98E-06	1.00E-10	4.00E-07	4.75E-05	1.00E-10	1.00E-10	1.00E-10	1.00E-10	1.00E-10	1.00E-10
20160819	5.14	3.98E-06	1.00E-10	4.00E-07	4.75E-05	1.00E-10	1.00E-10	1.00E-10	1.00E-10	1.00E-10	1.00E-10
20160820	5.14	3.98E-06	1.00E-10	4.00E-07	4.75E-05	1.00E-10	1.00E-10	1.00E-10	1.00E-10	1.00E-10	1.00E-10
20160821	5.14	3.98E-06	1.00E-10	4.00E-07	4.75E-05	1.00E-10	1.00E-10	1.00E-10	1.00E-10	1.00E-10	1.00E-10
20160822	5.14	3.98E-06	1.00E-10	4.00E-07	4.75E-05	1.00E-10	1.00E-10	1.00E-10	1.00E-10	1.00E-10	1.00E-10
20160823	4.96	8.74E-06	1.00E-10	6.40E-06	0.00033	1.00E-10	1.00E-10	1.00E-10	1.00E-10	1.00E-10	1.00E-10
20160824	4.96	8.74E-06	1.00E-10	6.40E-06	0.00033	1.00E-10	1.00E-10	1.00E-10	1.00E-10	1.00E-10	1.00E-10
20160825	4.96	8.74E-06	1.00E-10	6.40E-06	0.00033	1.00E-10	1.00E-10	1.00E-10	1.00E-10	1.00E-10	1.00E-10
20160826	4.96	8.74E-06	1.00E-10	6.40E-06	0.00033	1.00E-10	1.00E-10	1.00E-10	1.00E-10	1.00E-10	1.00E-10
20160827	4.96	8.74E-06	1.00E-10	6.40E-06	0.00033	1.00E-10	1.00E-10	1.00E-10	1.00E-10	1.00E-10	1.00E-10
20160828	4.96	8.74E-06	1.00E-10	6.40E-06	0.00033	1.00E-10	1.00E-10	1.00E-10	1.00E-10	1.00E-10	1.00E-10
20160829	4.96	8.74E-06	1.00E-10	6.40E-06	0.00033	1.00E-10	1.00E-10	1.00E-10	1.00E-10	1.00E-10	1.00E-10
20160830	5.53	1.25E-06	1.00E-10	2.88E-06	0.000108333	1.00E-10	1.00E-10	1.00E-10	1.00E-10	1.00E-10	1.00E-10
20160831	5.53	1.25E-06	1.00E-10	2.88E-06	0.000108333	1.00E-10	1.00E-10	1.00E-10	1.00E-10	1.00E-10	1.00E-10
20160901	5.53	1.25E-06	1.00E-10	2.88E-06	0.000108333	1.00E-10	1.00E-10	1.00E-10	1.00E-10	1.00E-10	1.00E-10
20160902	5.53	1.25E-06	1.00E-10	2.88E-06	0.000108333	1.00E-10	1.00E-10	1.00E-10	1.00E-10	1.00E-10	1.00E-10
20160903	5.53	1.25E-06	1.00E-10	2.88E-06	0.000108333	1.00E-10	1.00E-10	1.00E-10	1.00E-10	1.00E-10	1.00E-10
20160904	5.53	1.25E-06	1.00E-10	2.88E-06	0.000108333	1.00E-10	1.00E-10	1.00E-10	1.00E-10	1.00E-10	1.00E-10
20160905	5.53	1.25E-06	1.00E-10	2.88E-06	0.000108333	1.00E-10	1.00E-10	1.00E-10	1.00E-10	1.00E-10	1.00E-10
20160906	5.53	1.25E-06	1.00E-10	2.88E-06	0.000108333	1.00E-10	1.00E-10	1.00E-10	1.00E-10	1.00E-10	1.00E-10
20160907	5.53	1.25E-06	1.00E-10	2.88E-06	0.000108333	1.00E-10	1.00E-10	1.00E-10	1.00E-10	1.00E-10	1.00E-10
20160908	5.01	1.49E-06	1.00E-10	1.45E-06	0.0001175	1.00E-10	1.00E-10	1.00E-10	1.00E-10	1.00E-10	1.00E-10
20160909	5.01	1.49E-06	1.00E-10	1.45E-06	0.0001175	1.00E-10	1.00E-10	1.00E-10	1.00E-10	1.00E-10	1.00E-10
20160910	5.01	1.49E-06	1.00E-10	1.45E-06	0.0001175	1.00E-10	1.00E-10	1.00E-10	1.00E-10	1.00E-10	1.00E-10
20160911	5.01	1.49E-06	1.00E-10	1.45E-06	0.0001175	1.00E-10	1.00E-10	1.00E-10	1.00E-10	1.00E-10	1.00E-10
20160912	5.01	1.49E-06	1.00E-10	1.45E-06	0.0001175	1.00E-10	1.00E-10	1.00E-10	1.00E-10	1.00E-10	1.00E-10
20160913	5.23	3.64E-06	1.00E-10	4.65E-06	0.000131667	1.00E-10	1.00E-10	1.00E-10	1.00E-10	1.00E-10	1.00E-10
20160914	5.23	3.64E-06	1.00E-10	4.65E-06	0.000131667	1.00E-10	1.00E-10	1.00E-10	1.00E-10	1.00E-10	1.00E-10
20160915	5.23	3.64E-06	1.00E-10	4.65E-06	0.000131667	1.00E-10	1.00E-10	1.00E-10	1.00E-10	1.00E-10	1.00E-10
20160916	5.23	3.64E-06	1.00E-10	4.65E-06	0.000131667	1.00E-10	1.00E-10	1.00E-10	1.00E-10	1.00E-10	1.00E-10
20160917	5.23	3.64E-06	1.00E-10	4.65E-06	0.000131667	1.00E-10	1.00E-10	1.00E-10	1.00E-10	1.00E-10	1.00E-10
20160918	5.23	3.64E-06	1.00E-10	4.65E-06	0.000131667	1.00E-10	1.00E-10	1.00E-10	1.00E-10	1.00E-10	1.00E-10
20160919	5.23	3.64E-06	1.00E-10	4.65E-06	0.000131667	1.00E-10	1.00E-10	1.00E-10	1.00E-10	1.00E-10	1.00E-10
20160920	5.23	3.64E-06	1.00E-10	4.65E-06	0.000131667	1.00E-10	1.00E-10	1.00E-10	1.00E-10	1.00E-10	1.00E-10
20160921	5.29	1.95E-06	1.00E-10	3.00E-06	0.00013	1.00E-10	1.00E-10	1.00E-10	1.00E-10	1.00E-10	1.00E-10
20160922	5.29	1.95E-06	1.00E-10	3.00E-06	0.00013	1.00E-10	1.00E-10	1.00E-10	1.00E-10	1.00E-10	1.00E-10
20160923	5.29	1.95E-06	1.00E-10	3.00E-06	0.00013	1.00E-10	1.00E-10	1.00E-10	1.00E-10	1.00E-10	1.00E-10
20160924	5.29	1.95E-06	1.00E-10	3.00E-06	0.00013	1.00E-10	1.00E-10	1.00E-10	1.00E-10	1.00E-10	1.00E-10
20160925	5.29	1.95E-06	1.00E-10	3.00E-06	0.00013	1.00E-10	1.00E-10	1.00E-10	1.00E-10	1.00E-10	1.00E-10
20160926	5.29	1.95E-06	1.00E-10	3.00E-06	0.00013	1.00E-10	1.00E-10	1.00E-10	1.00E-10	1.00E-10	1.00E-10
20160927	5.29	1.95E-06	1.00E-10	3.00E-06	0.00013	1.00E-10	1.00E-10	1.00E-10	1.00E-10	1.00E-10	1.00E-10
20160928	5.225	3.22E-06	1.00E-10	1.48E-06	0.000165	1.00E-10	1.00E-10	1.00E-10	1.00E-10	1.00E-10	1.00E-10
20160929	5.225	3.22E-06	1.00E-10	1.48E-06	0.000165	1.00E-10	1.00E-10	1.00E-10	1.00E-10	1.00E-10	1.00E-10
20160930	5.225	3.22E-06	1.00E-10	1.48E-06	0.000165	1.00E-10	1.00E-10	1.00E-10	1.00E-10	1.00E-10	1.00E-10
20161001	5.225	3.22E-06	1.00E-10	1.48E-06	0.000165	1.00E-10	1.00E-10	1.00E-10	1.00E-10	1.00E-10	1.00E-10
20161002	5.225	3.22E-06	1.00E-10	1.48E-06	0.000165	1.00E-10	1.00E-10	1.00E-10	1.00E-10	1.00E-10	1.00E-10
20161003	5.225	3.22E-06	1.00E-10	1.48E-06	0.000165	1.00E-10	1.00E-10	1.00E-10	1.00E-10	1.00E-10	1.00E-10
20161004	5.225	3.22E-06	1.00E-10	1.48E-06	0.000165	1.00E-10	1.00E-10	1.00E-10	1.00E-10	1.00E-10	1.00E-10
20161005	5.47	3.22E-06	1.00E-10	1.80E-06	9.42E-05	1.00E-10	1.00E-10	1.00E-10	1.00E-10	1.00E-10	1.00E-10
20161006	5.47	3.22E-06	1.00E-10	1.80E-06	9.42E-05	1.00E-10	1.00E-10	1.00E-10	1.00E-10	1.00E-10	1.00E-10
20161007	5.47	3.22E-06	1.00E-10	1.80E-06	9.42E-05	1.00E-10	1.00E-10	1.00E-10	1.00E-10	1.00E-10	1.00E-10
20161008	5.47	3.22E-06	1.00E-10	1.80E-06	9.42E-05	1.00E-10	1.00E-10	1.00E-10	1.00E-10	1.00E-10	1.00E-10
20161009	5.47	3.22E-06	1.00E-10	1.80E-06	9.42E-05	1.00E-10	1.00E-10	1.00E-10	1.00E-10	1.00E-10	1.00E-10
20161010	5.47	3.22E-06	1.00E-10	1.80E-06	9.42E-05	1.00E-10	1.00E-10	1.00E-10	1.00E-10	1.00E-10	1.00E-10
20161011	5.47	3.22E-06	1.00E-10	1.80E-06	9.42E-05	1.00E-10	1.00E-10	1.00E-10	1.00E-10	1.00E-10	1.00E-10
20161012	5.47	3.22E-06	1.00E-10	1.80E-06	9.42E-05	1.00E-10	1.00E-10	1.00E-10	1.00E-10	1.00E-10	1.00E-10
20161013	5.47	3.22E-06	1.00E-10	1.80E-06	9.42E-05	1.00E-10	1.00E-10	1.00E-10	1.00E-10	1.00E-10	1.00E-10
20161014	5.47	3.22E-06	1.00E-10	1.80E-06	9.42E-05	1.00E-10	1.00E-10	1.00E-10	1.00E-10	1.00E-10	1.00E-10
20161015	5.47	3.22E-06	1.00E-10	1.80E-06	9.42E-05	1.00E-10	1.00E-10	1.00E-10	1.00E-10	1.00E-10	1.00E-10
20161016	5.47	3.22E-06	1.00E-10	1.80E-06	9.42E-05	1.00E-10	1.00E-10	1.00E-10	1.00E-10	1.00E-10	1.00E-10
20161017	5.47	3.22E-06	1.00E-10	1.80E-06	9.42E-05	1.00E-10	1.00E-10	1.00E-10	1.00E-10	1.00E-10	1.00E-10
20161018	5.47	3.22E-06	1.00E-10	1.80E-06	9.42E-05	1.00E-10	1.00E-10	1.00E-10	1.00E-10	1.00E-10	1.00E-10
20161019	5.47	3.22E-06	1.00E-10	1.80E-06	9.42E-05	1.00E-10	1.00E-10	1.00E-10	1.00E-10	1.00E-10	1.00E-10
20161020	5.47	3.22E-06	1.00E-10	1.80E-06	9.42E-05	1.00E-10	1.00E-10	1.00E-10	1.00E-10	1.00E-10	1.00E-10
20161021	5.47	3.22E-06	1.00E-10	1.80E-06	9.42E-05	1.00E-10	1.00E-10	1.00E-10	1.00E-10	1.00E-10	1.00E-10
20161022	5.47	3.22E-06	1.00E-10	1.80E-06	9.42E-05	1.00E-10	1.00E-10	1.00E-10	1.00E-10	1.00E-10	1.00E-10
20161023	5.47	3.22E-06	1.00E-10	1.80E-06	9.42E-05	1.00E-10	1.00E-10	1.00E-10	1.00E-10	1.00E-10	1.00E-10
20161024	5.47	3.22E-06	1.00E-10	1.80E-06	9.42E-05	1.00E-10	1.00E-10	1.00E-10	1.00E-10	1.00E-10	1.00E-10
20161025	5.47	3.22E-06	1.00E-10	1.80E-06	9.42E-05	1.00E-10	1.00E-10	1.00E-10	1.00E-10	1.00E-10	1.00E-10
20161026	5.47	3.22E-06	1.00E-10	1.80E-06	9.42E-05	1.00E-10	1.00E-10	1.00E-10	1.00E-10	1.00E-10	1.00E-10
20161027	5.37	2.03E-06	1.00E-10	1.98E-06	7.83E-05	1.00E-10	1.00E-10	1.00E-10	1.00E-10	1.00E-10	1.00E-10
20161028	5.37	2.03E-06	1.00E-10	1.98E-06	7.83E-05	1.00E-10	1.00E-10	1.00E-10	1.00E-10	1.00E-10	1.00E-10
20161029	5.37	2.03E-06	1.00E-10	1.98E-06	7.83E-05	1.00E-10	1.00E-10	1.00E-10	1.00E-10	1.00E-10	1.00E-10
20161030	5.37	2.03E-06	1.00E-10	1.98E-06	7.83E-05	1.00E-10	1.00E-10	1.00E-10	1.00E-10	1.00E-10	1.00E-10
20161031	5.37	2.03E-06	1.00E-10	1.98E-06	7.83E-05	1.00E-10	1.00E-10	1.00E-10	1.00E-10	1.00E-10	1.00E-10
20161101	5.37	2.03E-06	1.00E-10	1.98E-06	7.83E-05	1.00E-10	1.00E-10	1.00E-10	1.00E-10	1.00E-10	1.00E-10
20161102	5.39	2.03E-06	1.00E-10	1.50E-06	5.00E-05	1.00E-10	1.00E-10	1.00E-10	1.00E-10	1.00E-10	1.00E-10
20161103	5.39	2.03E-06	1.00E-10	1.50E-06	5.00E-05	1.00E-10	1.00E-10	1.00E-10	1.00E-10	1.00E-10	1.00E-10
20161104	5.39	2.03E-06	1.00E-10	1.50E-06	5.00E-05	1.00E-10	1.00E-10	1.00E-10	1.00E-10	1.00E-10	1.00E-10
20161105	5.39	2.03E-06	1.00E-10	1.50E-06	5.00E-05	1.00E-10	1.00E-10	1.00E-10	1.00E-10	1.00E-10	1.00E-10
20161106	5.39	2.03E-06	1.00E-10	1.50E-06	5.00E-05	1.00E-10	1.00E-10	1.00E-10	1.00E-10	1.00E-10	1.00E-10
20161107	5.39	2.03E-06	1.00E-10	1.50E-06	5.00E-05	1.00E-10	1.00E-10	1.00E-10	1.00E-10	1.00E-10	1.00E-10
20161108	5.39	2.03E-06	1.00E-10	1.50E-06	5.00E-05	1.00E-10	1.00E-10	1.00E-10	1.00E-10	1.00E-10	1.00E-10
20161109	5.39	2.03E-06	1.00E-10	1.50E-06	5.00E-05	1.00E-10	1.00E-10	1.00E-10	1.00E-10	1.00E-10	1.00E-10
20161110	6.12	8.60E-06	1.00E-10	1.29E-05	0.000988333	1.00E-10	1.00E-10	1.00E-10	1.00E-10	1.00E-10	1.00E-10
20161111	6.12	8.60E-06	1.00E-10	1.29E-05	0.000988333	1.00E-10	1.00E-10	1.00E-10	1.00E-10	1.00E-10	1.00E-10
20161112	6.12	8.60E-06	1.00E-10	1.29E-05	0.000988333	1.00E-10	1.00E-10	1.00E-10	1.00E-10	1.00E-10	1.00E-10
20161113	6.12	8.60E-06	1.00E-10	1.29E-05	0.000988333	1.00E-10	1.00E-10	1.00E-10	1.00E-10	1.00E-10	1.00E-10
20161114	6.12	8.60E-06	1.00E-10	1.29E-05	0.000988333	1.00E-10	1.00E-10	1.00E-10	1.00E-10	1.00E-10	1.00E-10
20161115	6.12	8.60E-06	1.00E-10	1.29E-05	0.000988333	1.00E-10	1.00E-10	1.00E-10	1.00E-10	1.00E-10	1.00E-10
20161116	5.34	3.72E-06	1.00E-10	3.50E-07	3.42E-05	1.00E-10	1.00E-10	1.00E-10	1.00E-10	1.00E-10	1.00E-10
20161117	5.34	3.72E-06	1.00E-10	3.50E-07	3.42E-05	1.00E-10	1.00E-10	1.00E-10	1.00E-10	1.00E-10	1.00E-10
20161118	5.34	3.72E-06	1.00E-10	3.50E-07	3.42E-05	1.00E-10	1.00E-10	1.00E-10	1.00E-10	1.00E-10	1.00E-10
20161119	5.34	3.72E-06	1.00E-10	3.50E-07	3.42E-05	1.00E-10	1.00E-10	1.00E-10	1.00E-10	1.00E-10	1.00E-10
20161120	5.34	3.72E-06	1.00E-10	3.50E-07	3.42E-05	1.00E-10	1.00E-10	1.00E-10	1.00E-10	1.00E-10	1.00E-10
20161121	5.34	3.72E-06	1.00E-10	3.50E-07	3.42E-05	1.00E-10	1.00E-10	1.00E-10	1.00E-10	1.00E-10	1.00E-10
20161122	5.34	3.72E-06	1.00E-10	3.50E-07	3.42E-05	1.00E-10	1.00E-10	1.00E-10	1.00E-10	1.00E-10	1.00E-10
20161123	4.81	4.74E-06	1.00E-10	2.10E-06	5.83E-05	1.00E-10	1.00E-10	1.00E-10	1.00E-10	1.00E-10	1.00E-10
20161124	4.81	4.74E-06	1.00E-10	2.10E-06	5.83E-05	1.00E-10	1.00E-10	1.00E-10	1.00E-10	1.00E-10	1.00E-10
20161125	4.81	4.74E-06	1.00E-10	2.10E-06	5.83E-05	1.00E-10	1.00E-10	1.00E-10	1.00E-10	1.00E-10	1.00E-10
20161126	4.81	4.74E-06	1.00E-10	2.10E-06	5.83E-05	1.00E-10	1.00E-10	1.00E-10	1.00E-10	1.00E-10	1.00E-10
20161127	4.81	4.74E-06	1.00E-10	2.10E-06	5.83E-05	1.00E-10	1.00E-10	1.00E-10	1.00E-10	1.00E-10	1.00E-10
20161128	4.81	4.74E-06	1.00E-10	2.10E-06	5.83E-05	1.00E-10	1.00E-10	1.00E-10	1.00E-10	1.00E-10	1.00E-10
20161129	5.32	4.30E-06	1.00E-10	1.15E-06	4.58E-05	1.00E-10	1.00E-10	1.00E-10	1.00E-10	1.00E-10	1.00E-10
20161130	5.32	4.30E-06	1.00E-10	1.15E-06	4.58E-05	1.00E-10	1.00E-10	1.00E-10	1.00E-10	1.00E-10	1.00E-10
20161201	5.32	4.30E-06	1.00E-10	1.15E-06	4.58E-05	1.00E-10	1.00E-10	1.00E-10	1.00E-10	1.00E-10	1.00E-10
20161202	5.32	4.30E-06	1.00E-10	1.15E-06	4.58E-05	1.00E-10	1.00E-10	1.00E-10	1.00E-10	1.00E-10	1.00E-10
20161203	5.32	4.30E-06	1.00E-10	1.15E-06	4.58E-05	1.00E-10	1.00E-10	1.00E-10	1.00E-10	1.00E-10	1.00E-10
20161204	5.32	4.30E-06	1.00E-10	1.15E-06	4.58E-05	1.00E-10	1.00E-10	1.00E-10	1.00E-10	1.00E-10	1.00E-10
20161205	5.32	4.30E-06	1.00E-10	1.15E-06	4.58E-05	1.00E-10	1.00E-10	1.00E-10	1.00E-10	1.00E-10	1.00E-10
20161206	5.32	4.30E-06	1.00E-10	1.15E-06	4.58E-05	1.00E-10	1.00E-10	1.00E-10	1.00E-10	1.00E-10	1.00E-10
20161207	5.32	4.30E-06	1.00E-10	1.15E-06	4.58E-05	1.00E-10	1.00E-10	1.00E-10	1.00E-10	1.00E-10	1.00E-10
20161208	5.07	1.68E-05	1.00E-10	2.45E-06	5.25E-05	1.00E-10	1.00E-10	1.00E-10	1.00E-10	1.00E-10	1.00E-10
20161209	5.07	1.68E-05	1.00E-10	2.45E-06	5.25E-05	1.00E-10	1.00E-10	1.00E-10	1.00E-10	1.00E-10	1.00E-10
20161210	5.07	1.68E-05	1.00E-10	2.45E-06	5.25E-05	1.00E-10	1.00E-10	1.00E-10	1.00E-10	1.00E-10	1.00E-10
20161211	5.07	1.68E-05	1.00E-10	2.45E-06	5.25E-05	1.00E-10	1.00E-10	1.00E-10	1.00E-10	1.00E-10	1.00E-10
20161212	5.07	1.68E-05	1.00E-10	2.45E-06	5.25E-05	1.00E-10	1.00E-10	1.00E-10	1.00E-10	1.00E-10	1.00E-10
20161213	5.07	1.68E-05	1.00E-10	2.45E-06	5.25E-05	1.00E-10	1.00E-10	1.00E-10	1.00E-10	1.00E-10	1.00E-10
20161214	5.3	6.32E-06	1.00E-10	2.95E-06	3.08E-05	1.00E-10	1.00E-10	1.00E-10	1.00E-10	1.00E-10	1.00E-10
20161215	5.3	6.32E-06	1.00E-10	2.95E-06	3.08E-05	1.00E-10	1.00E-10	1.00E-10	1.00E-10	1.00E-10	1.00E-10
20161216	5.3	6.32E-06	1.00E-10	2.95E-06	3.08E-05	1.00E-10	1.00E-10	1.00E-10	1.00E-10	1.00E-10	1.00E-10
20161217	5.3	6.32E-06	1.00E-10	2.95E-06	3.08E-05	1.00E-10	1.00E-10	1.00E-10	1.00E-10	1.00E-10	1.00E-10
20161218	5.3	6.32E-06	1.00E-10	2.95E-06	3.08E-05	1.00E-10	1.00E-10	1.00E-10	1.00E-10	1.00E-10	1.00E-10
20161219	5.3	6.32E-06	1.00E-10	2.95E-06	3.08E-05	1.00E-10	1.00E-10	1.00E-10	1.00E-10	1.00E-10	1.00E-10
20161220	5.3	6.32E-06	1.00E-10	2.95E-06	3.08E-05	1.00E-10	1.00E-10	1.00E-10	1.00E-10	1.00E-10	1.00E-10
20161221	4.99	4.85E-06	1.00E-10	1.70E-06	1.42E-05	1.00E-10	1.00E-10	1.00E-10	1.00E-10	1.00E-10	1.00E-10
20161222	4.99	4.85E-06	1.00E-10	1.70E-06	1.42E-05	1.00E-10	1.00E-10	1.00E-10	1.00E-10	1.00E-10	1.00E-10
20161223	4.99	4.85E-06	1.00E-10	1.70E-06	1.42E-05	1.00E-10	1.00E-10	1.00E-10	1.00E-10	1.00E-10	1.00E-10
20161224	4.99	4.85E-06	1.00E-10	1.70E-06	1.42E-05	1.00E-10	1.00E-10	1.00E-10	1.00E-10	1.00E-10	1.00E-10
20161225	4.99	4.85E-06	1.00E-10	1.70E-06	1.42E-05	1.00E-10	1.00E-10	1.00E-10	1.00E-10	1.00E-10	1.00E-10
20161226	4.99	4.85E-06	1.00E-10	1.70E-06	1.42E-05	1.00E-10	1.00E-10	1.00E-10	1.00E-10	1.00E-10	1.00E-10
20161227	4.99	4.85E-06	1.00E-10	1.70E-06	1.42E-05	1.00E-10	1.00E-10	1.00E-10	1.00E-10	1.00E-10	1.00E-10
20161228	5.155	4.26E-06	1.00E-10	2.53E-06	3.25E-05	1.00E-10	1.00E-10	1.00E-10	1.00E-10	1.00E-10	1.00E-10
20161229	5.155	4.26E-06	1.00E-10	2.53E-06	3.25E-05	1.00E-10	1.00E-10	1.00E-10	1.00E-10	1.00E-10	1.00E-10
20161230	5.155	4.26E-06	1.00E-10	2.53E-06	3.25E-05	1.00E-10	1.00E-10	1.00E-10	1.00E-10	1.00E-10	1.00E-10
20161231	5.155	4.26E-06	1.00E-10	2.53E-06	3.25E-05	1.00E-10	1.00E-10	1.00E-10	1.00E-10	1.00E-10	1.00E-10
20170101	5.155	4.26E-06	1.00E-10	2.53E-06	3.25E-05	1.00E-10	1.00E-10	1.00E-10	1.00E-10	1.00E-10	1.00E-10
20170102	5.155	4.26E-06	1.00E-10	2.53E-06	3.25E-05	1.00E-10	1.00E-10	1.00E-10	1.00E-10	1.00E-10	1.00E-10
20170103	5.155	4.26E-06	1.00E-10	2.53E-06	3.25E-05	1.00E-10	1.00E-10	1.00E-10	1.00E-10	1.00E-10	1.00E-10
20170104	5.155	4.26E-06	1.00E-10	2.53E-06	3.25E-05	1.00E-10	1.00E-10	1.00E-10	1.00E-10	1.00E-10	1.00E-10
20170105	5.43	1.32E-05	1.00E-10	6.00E-06	3.42E-05	1.00E-10	1.00E-10	1.00E-10	1.00E-10	1.00E-10	1.00E-10
20170106	5.43	1.32E-05	1.00E-10	6.00E-06	3.42E-05	1.00E-10	1.00E-10	1.00E-10	1.00E-10	1.00E-10	1.00E-10
20170107	5.43	1.32E-05	1.00E-10	6.00E-06	3.42E-05	1.00E-10	1.00E-10	1.00E-10	1.00E-10	1.00E-10	1.00E-10
20170108	5.43	1.32E-05	1.00E-10	6.00E-06	3.42E-05	1.00E-10	1.00E-10	1.00E-10	1.00E-10	1.00E-10	1.00E-10
20170109	5.43	1.32E-05	1.00E-10	6.00E-06	3.42E-05	1.00E-10	1.00E-10	1.00E-10	1.00E-10	1.00E-10	1.00E-10
20170110	5.43	1.32E-05	1.00E-10	6.00E-06	3.42E-05	1.00E-10	1.00E-10	1.00E-10	1.00E-10	1.00E-10	1.00E-10
20170111	5.17	2.51E-06	1.00E-10	5.00E-06	4.33E-05	1.00E-10	1.00E-10	1.00E-10	1.00E-10	1.00E-10	1.00E-10
20170112	5.17	2.51E-06	1.00E-10	5.00E-06	4.33E-05	1.00E-10	1.00E-10	1.00E-10	1.00E-10	1.00E-10	1.00E-10
20170113	5.17	2.51E-06	1.00E-10	5.00E-06	4.33E-05	1.00E-10	1.00E-10	1.00E-10	1.00E-10	1.00E-10	1.00E-10
20170114	5.17	2.51E-06	1.00E-10	5.00E-06	4.33E-05	1.00E-10	1.00E-10	1.00E-10	1.00E-10	1.00E-10	1.00E-10
20170115	5.17	2.51E-06	1.00E-10	5.00E-06	4.33E-05	1.00E-10	1.00E-10	1.00E-10	1.00E-10	1.00E-10	1.00E-10
20170116	5.17	2.51E-06	1.00E-10	5.00E-06	4.33E-05	1.00E-10	1.00E-10	1.00E-10	1.00E-10	1.00E-10	1.00E-10
20170117	5.17	2.51E-06	1.00E-10	5.00E-06	4.33E-05	1.00E-10	1.00E-10	1.00E-10	1.00E-10	1.00E-10	1.00E-10
20170118	5.06	2.51E-06	1.00E-10	1.80E-06	1.42E-05	1.00E-10	1.00E-10	1.00E-10	1.00E-10	1.00E-10	1.00E-10
20170119	5.06	2.51E-06	1.00E-10	1.80E-06	1.42E-05	1.00E-10	1.00E-10	1.00E-10	1.00E-10	1.00E-10	1.00E-10
20170120	5.06	2.51E-06	1.00E-10	1.80E-06	1.42E-05	1.00E-10	1.00E-10	1.00E-10	1.00E-10	1.00E-10	1.00E-10
20170121	5.06	2.51E-06	1.00E-10	1.80E-06	1.42E-05	1.00E-10	1.00E-10	1.00E-10	1.00E-10	1.00E-10	1.00E-10
20170122	5.06	2.51E-06	1.00E-10	1.80E-06	1.42E-05	1.00E-10	1.00E-10	1.00E-10	1.00E-10	1.00E-10	1.00E-10
20170123	5.06	2.51E-06	1.00E-10	1.80E-06	1.42E-05	1.00E-10	1.00E-10	1.00E-10	1.00E-10	1.00E-10	1.00E-10
20170124	5.06	2.51E-06	1.00E-10	1.80E-06	1.42E-05	1.00E-10	1.00E-10	1.00E-10	1.00E-10	1.00E-10	1.00E-10
20170125	5.06	2.51E-06	1.00E-10	1.80E-06	1.42E-05	1.00E-10	1.00E-10	1.00E-10	1.00E-10	1.00E-10	1.00E-10
20170126	5.17	2.97E-06	1.00E-10	1.75E-06	4.00E-05	1.00E-10	1.00E-10	1.00E-10	1.00E-10	1.00E-10	1.00E-10
20170127	5.17	2.97E-06	1.00E-10	1.75E-06	4.00E-05	1.00E-10	1.00E-10	1.00E-10	1.00E-10	1.00E-10	1.00E-10
20170128	5.17	2.97E-06	1.00E-10	1.75E-06	4.00E-05	1.00E-10	1.00E-10	1.00E-10	1.00E-10	1.00E-10	1.00E-10
20170129	5.17	2.97E-06	1.00E-10	1.75E-06	4.00E-05	1.00E-10	1.00E-10	1.00E-10	1.00E-10	1.00E-10	1.00E-10
20170130	5.17	2.97E-06	1.00E-10	1.75E-06	4.00E-05	1.00E-10	1.00E-10	1.00E-10	1.00E-10	1.00E-10	1.00E-10
20170131	4.65	1.04E-05	1.00E-10	4.40E-06	8.17E-05	1.00E-10	1.00E-10	1.00E-10	1.00E-10	1.00E-10	1.00E-10
20170201	4.65	1.04E-05	1.00E-10	4.40E-06	8.17E-05	1.00E-10	1.00E-10	1.00E-10	1.00E-10	1.00E-10	1.00E-10
20170202	4.65	1.04E-05	1.00E-10	4.40E-06	8.17E-05	1.00E-10	1.00E-10	1.00E-10	1.00E-10	1.00E-10	1.00E-10
20170203	4.65	1.04E-05	1.00E-10	4.40E-06	8.17E-05	1.00E-10	1.00E-10	1.00E-10	1.00E-10	1.00E-10	1.00E-10
20170204	4.65	1.04E-05	1.00E-10	4.40E-06	8.17E-05	1.00E-10	1.00E-10	1.00E-10	1.00E-10	1.00E-10	1.00E-10
20170205	4.65	1.04E-05	1.00E-10	4.40E-06	8.17E-05	1.00E-10	1.00E-10	1.00E-10	1.00E-10	1.00E-10	1.00E-10
20170206	5.14	7.00E-06	1.00E-10	1.15E-06	1.42E-05	1.00E-10	1.00E-10	1.00E-10	1.00E-10	1.00E-10	1.00E-10
20170207	5.14	7.00E-06	1.00E-10	1.15E-06	1.42E-05	1.00E-10	1.00E-10	1.00E-10	1.00E-10	1.00E-10	1.00E-10
20170208	5.14	7.00E-06	1.00E-10	1.15E-06	1.42E-05	1.00E-10	1.00E-10	1.00E-10	1.00E-10	1.00E-10	1.00E-10
20170209	5.14	7.00E-06	1.00E-10	1.15E-06	1.42E-05	1.00E-10	1.00E-10	1.00E-10	1.00E-10	1.00E-10	1.00E-10
20170210	5.14	7.00E-06	1.00E-10	1.15E-06	1.42E-05	1.00E-10	1.00E-10	1.00E-10	1.00E-10	1.00E-10	1.00E-10
20170211	5.14	7.00E-06	1.00E-10	1.15E-06	1.42E-05	1.00E-10	1.00E-10	1.00E-10	1.00E-10	1.00E-10	1.00E-10
20170212	5.14	7.00E-06	1.00E-10	1.15E-06	1.42E-05	1.00E-10	1.00E-10	1.00E-10	1.00E-10	1.00E-10	1.00E-10
20170213	5.14	7.00E-06	1.00E-10	1.15E-06	1.42E-05	1.00E-10	1.00E-10	1.00E-10	1.00E-10	1.00E-10	1.00E-10
20170214	5.14	7.00E-06	1.00E-10	1.15E-06	1.42E-05	1.00E-10	1.00E-10	1.00E-10	1.00E-10	1.00E-10	1.00E-10
20170215	4.66	7.00E-06	1.00E-10	8.10E-06	4.92E-05	1.00E-10	1.00E-10	1.00E-10	1.00E-10	1.00E-10	1.00E-10
20170216	4.66	7.00E-06	1.00E-10	8.10E-06	4.92E-05	1.00E-10	1.00E-10	1.00E-10	1.00E-10	1.00E-10	1.00E-10
20170217	4.66	7.00E-06	1.00E-10	8.10E-06	4.92E-05	1.00E-10	1.00E-10	1.00E-10	1.00E-10	1.00E-10	1.00E-10
20170218	4.66	7.00E-06	1.00E-10	8.10E-06	4.92E-05	1.00E-10	1.00E-10	1.00E-10	1.00E-10	1.00E-10	1.00E-10
20170219	4.66	7.00E-06	1.00E-10	8.10E-06	4.92E-05	1.00E-10	1.00E-10	1.00E-10	1.00E-10	1.00E-10	1.00E-10
20170220	4.66	7.00E-06	1.00E-10	8.10E-06	4.92E-05	1.00E-10	1.00E-10	1.00E-10	1.00E-10	1.00E-10	1.00E-10
20170221	4.66	7.00E-06	1.00E-10	8.10E-06	4.92E-05	1.00E-10	1.00E-10	1.00E-10	1.00E-10	1.00E-10	1.00E-10
20170222	5.42	8.21E-06	1.00E-10	2.05E-06	3.83E-05	1.00E-10	1.00E-10	1.00E-10	1.00E-10	1.00E-10	1.00E-10
20170223	5.42	8.21E-06	1.00E-10	2.05E-06	3.83E-05	1.00E-10	1.00E-10	1.00E-10	1.00E-10	1.00E-10	1.00E-10
20170224	5.42	8.21E-06	1.00E-10	2.05E-06	3.83E-05	1.00E-10	1.00E-10	1.00E-10	1.00E-10	1.00E-10	1.00E-10
20170225	5.42	8.21E-06	1.00E-10	2.05E-06	3.83E-05	1.00E-10	1.00E-10	1.00E-10	1.00E-10	1.00E-10	1.00E-10
20170226	5.42	8.21E-06	1.00E-10	2.05E-06	3.83E-05	1.00E-10	1.00E-10	1.00E-10	1.00E-10	1.00E-10	1.00E-10
20170227	5.42	8.21E-06	1.00E-10	2.05E-06	3.83E-05	1.00E-10	1.00E-10	1.00E-10	1.00E-10	1.00E-10	1.00E-10
20170228	5.42	8.21E-06	1.00E-10	2.05E-06	3.83E-05	1.00E-10	1.00E-10	1.00E-10	1.00E-10	1.00E-10	1.00E-10
20170301	5.695	4.37E-06	1.00E-10	7.55E-06	4.33E-05	1.00E-10	1.00E-10	1.00E-10	1.00E-10	1.00E-10	1.00E-10
20170302	5.695	4.37E-06	1.00E-10	7.55E-06	4.33E-05	1.00E-10	1.00E-10	1.00E-10	1.00E-10	1.00E-10	1.00E-10
20170303	5.695	4.37E-06	1.00E-10	7.55E-06	4.33E-05	1.00E-10	1.00E-10	1.00E-10	1.00E-10	1.00E-10	1.00E-10
20170304	5.695	4.37E-06	1.00E-10	7.55E-06	4.33E-05	1.00E-10	1.00E-10	1.00E-10	1.00E-10	1.00E-10	1.00E-10
20170305	5.695	4.37E-06	1.00E-10	7.55E-06	4.33E-05	1.00E-10	1.00E-10	1.00E-10	1.00E-10	1.00E-10	1.00E-10
20170306	5.695	4.37E-06	1.00E-10	7.55E-06	4.33E-05	1.00E-10	1.00E-10	1.00E-10	1.00E-10	1.00E-10	1.00E-10
20170307	5.695	4.37E-06	1.00E-10	7.55E-06	4.33E-05	1.00E-10	1.00E-10	1.00E-10	1.00E-10	1.00E-10	1.00E-10
20170308	6.12	1.35E-05	1.00E-10	1.56E-05	6.42E-05	1.00E-10	1.00E-10	1.00E-10	1.00E-10	1.00E-10	1.00E-10
20170309	6.12	1.35E-05	1.00E-10	1.56E-05	6.42E-05	1.00E-10	1.00E-10	1.00E-10	1.00E-10	1.00E-10	1.00E-10
20170310	6.12	1.35E-05	1.00E-10	1.56E-05	6.42E-05	1.00E-10	1.00E-10	1.00E-10	1.00E-10	1.00E-10	1.00E-10
20170311	6.12	1.35E-05	1.00E-10	1.56E-05	6.42E-05	1.00E-10	1.00E-10	1.00E-10	1.00E-10	1.00E-10	1.00E-10
20170312	6.12	1.35E-05	1.00E-10	1.56E-05	6.42E-05	1.00E-10	1.00E-10	1.00E-10	1.00E-10	1.00E-10	1.00E-10
20170313	6.12	1.35E-05	1.00E-10	1.56E-05	6.42E-05	1.00E-10	1.00E-10	1.00E-10	1.00E-10	1.00E-10	1.00E-10
20170314	5.33	4.01E-06	1.00E-10	1.45E-06	1.42E-05	1.00E-10	1.00E-10	1.00E-10	1.00E-10	1.00E-10	1.00E-10
20170315	5.33	4.01E-06	1.00E-10	1.45E-06	1.42E-05	1.00E-10	1.00E-10	1.00E-10	1.00E-10	1.00E-10	1.00E-10
20170316	5.33	4.01E-06	1.00E-10	1.45E-06	1.42E-05	1.00E-10	1.00E-10	1.00E-10	1.00E-10	1.00E-10	1.00E-10
20170317	5.33	4.01E-06	1.00E-10	1.45E-06	1.42E-05	1.00E-10	1.00E-10	1.00E-10	1.00E-10	1.00E-10	1.00E-10
20170318	5.33	4.01E-06	1.00E-10	1.45E-06	1.42E-05	1.00E-10	1.00E-10	1.00E-10	1.00E-10	1.00E-10	1.00E-10
20170319	5.33	4.01E-06	1.00E-10	1.45E-06	1.42E-05	1.00E-10	1.00E-10	1.00E-10	1.00E-10	1.00E-10	1.00E-10
20170320	5.33	4.01E-06	1.00E-10	1.45E-06	1.42E-05	1.00E-10	1.00E-10	1.00E-10	1.00E-10	1.00E-10	1.00E-10
20170321	5.33	9.14E-06	1.00E-10	3.55E-06	1.42E-05	1.00E-10	1.00E-10	1.00E-10	1.00E-10	1.00E-10	1.00E-10
20170322	5.33	9.14E-06	1.00E-10	3.55E-06	1.42E-05	1.00E-10	1.00E-10	1.00E-10	1.00E-10	1.00E-10	1.00E-10
20170323	5.33	9.14E-06	1.00E-10	3.55E-06	1.42E-05	1.00E-10	1.00E-10	1.00E-10	1.00E-10	1.00E-10	1.00E-10
20170324	5.33	9.14E-06	1.00E-10	3.55E-06	1.42E-05	1.00E-10	1.00E-10	1.00E-10	1.00E-10	1.00E-10	1.00E-10
20170325	5.33	9.14E-06	1.00E-10	3.55E-06	1.42E-05	1.00E-10	1.00E-10	1.00E-10	1.00E-10	1.00E-10	1.00E-10
20170326	5.33	9.14E-06	1.00E-10	3.55E-06	1.42E-05	1.00E-10	1.00E-10	1.00E-10	1.00E-10	1.00E-10	1.00E-10
20170327	5.33	9.14E-06	1.00E-10	3.55E-06	1.42E-05	1.00E-10	1.00E-10	1.00E-10	1.00E-10	1.00E-10	1.00E-10
20170328	5.33	9.14E-06	1.00E-10	3.55E-06	1.42E-05	1.00E-10	1.00E-10	1.00E-10	1.00E-10	1.00E-10	1.00E-10
20170329	5.33	9.14E-06	1.00E-10	3.55E-06	1.42E-05	1.00E-10	1.00E-10	1.00E-10	1.00E-10	1.00E-10	1.00E-10
20170330	5.44	3.72E-06	1.00E-10	1.45E-06	1.42E-05	1.00E-10	1.00E-10	1.00E-10	1.00E-10	1.00E-10	1.00E-10
20170331	5.44	3.72E-06	1.00E-10	1.45E-06	1.42E-05	1.00E-10	1.00E-10	1.00E-10	1.00E-10	1.00E-10	1.00E-10
20170401	5.44	3.72E-06	1.00E-10	1.45E-06	1.42E-05	1.00E-10	1.00E-10	1.00E-10	1.00E-10	1.00E-10	1.00E-10
20170402	5.44	3.72E-06	1.00E-10	1.45E-06	1.42E-05	1.00E-10	1.00E-10	1.00E-10	1.00E-10	1.00E-10	1.00E-10
20170403	5.44	3.72E-06	1.00E-10	1.45E-06	1.42E-05	1.00E-10	1.00E-10	1.00E-10	1.00E-10	1.00E-10	1.00E-10
20170404	5.28	3.72E-06	1.00E-10	2.05E-06	4.58E-05	1.00E-10	1.00E-10	1.00E-10	1.00E-10	1.00E-10	1.00E-10
20170405	5.28	3.72E-06	1.00E-10	2.05E-06	4.58E-05	1.00E-10	1.00E-10	1.00E-10	1.00E-10	1.00E-10	1.00E-10
20170406	5.28	3.72E-06	1.00E-10	2.05E-06	4.58E-05	1.00E-10	1.00E-10	1.00E-10	1.00E-10	1.00E-10	1.00E-10
20170407	5.28	3.72E-06	1.00E-10	2.05E-06	4.58E-05	1.00E-10	1.00E-10	1.00E-10	1.00E-10	1.00E-10	1.00E-10
20170408	5.28	3.72E-06	1.00E-10	2.05E-06	4.58E-05	1.00E-10	1.00E-10	1.00E-10	1.00E-10	1.00E-10	1.00E-10
20170409	5.28	3.72E-06	1.00E-10	2.05E-06	4.58E-05	1.00E-10	1.00E-10	1.00E-10	1.00E-10	1.00E-10	1.00E-10
20170410	5.28	3.72E-06	1.00E-10	2.05E-06	4.58E-05	1.00E-10	1.00E-10	1.00E-10	1.00E-10	1.00E-10	1.00E-10
20170411	5.28	3.72E-06	1.00E-10	2.05E-06	4.58E-05	1.00E-10	1.00E-10	1.00E-10	1.00E-10	1.00E-10	1.00E-10
20170412	5.99	6.63E-06	1.00E-10	1.13E-05	0.00015	1.00E-10	1.00E-10	1.00E-10	1.00E-10	1.00E-10	1.00E-10
20170413	5.99	6.63E-06	1.00E-10	1.13E-05	0.00015	1.00E-10	1.00E-10	1.00E-10	1.00E-10	1.00E-10	1.00E-10
20170414	5.99	6.63E-06	1.00E-10	1.13E-05	0.00015	1.00E-10	1.00E-10	1.00E-10	1.00E-10	1.00E-10	1.00E-10
20170415	5.99	6.63E-06	1.00E-10	1.13E-05	0.00015	1.00E-10	1.00E-10	1.00E-10	1.00E-10	1.00E-10	1.00E-10
20170416	5.99	6.63E-06	1.00E-10	1.13E-05	0.00015	1.00E-10	1.00E-10	1.00E-10	1.00E-10	1.00E-10	1.00E-10
20170417	5.99	6.63E-06	1.00E-10	1.13E-05	0.00015	1.00E-10	1.00E-10	1.00E-10	1.00E-10	1.00E-10	1.00E-10
20170418	5.3	6.21E-06	1.00E-10	1.80E-06	5.25E-05	1.00E-10	1.00E-10	1.00E-10	1.00E-10	1.00E-10	1.00E-10
20170419	5.3	6.21E-06	1.00E-10	1.80E-06	5.25E-05	1.00E-10	1.00E-10	1.00E-10	1.00E-10	1.00E-10	1.00E-10
20170420	5.3	6.21E-06	1.00E-10	1.80E-06	5.25E-05	1.00E-10	1.00E-10	1.00E-10	1.00E-10	1.00E-10	1.00E-10
20170421	5.3	6.21E-06	1.00E-10	1.80E-06	5.25E-05	1.00E-10	1.00E-10	1.00E-10	1.00E-10	1.00E-10	1.00E-10
20170422	5.3	6.21E-06	1.00E-10	1.80E-06	5.25E-05	1.00E-10	1.00E-10	1.00E-10	1.00E-10	1.00E-10	1.00E-10
20170423	5.3	6.21E-06	1.00E-10	1.80E-06	5.25E-05	1.00E-10	1.00E-10	1.00E-10	1.00E-10	1.00E-10	1.00E-10
20170424	5.3	6.21E-06	1.00E-10	1.80E-06	5.25E-05	1.00E-10	1.00E-10	1.00E-10	1.00E-10	1.00E-10	1.00E-10
20170425	5.265	9.46E-06	1.00E-10	5.98E-06	0.000135	1.00E-10	1.00E-10	1.00E-10	1.00E-10	1.00E-10	1.00E-10
20170426	5.265	9.46E-06	1.00E-10	5.98E-06	0.000135	1.00E-10	1.00E-10	1.00E-10	1.00E-10	1.00E-10	1.00E-10
20170427	5.265	9.46E-06	1.00E-10	5.98E-06	0.000135	1.00E-10	1.00E-10	1.00E-10	1.00E-10	1.00E-10	1.00E-10
20170428	5.265	9.46E-06	1.00E-10	5.98E-06	0.000135	1.00E-10	1.00E-10	1.00E-10	1.00E-10	1.00E-10	1.00E-10
20170429	5.265	9.46E-06	1.00E-10	5.98E-06	0.000135	1.00E-10	1.00E-10	1.00E-10	1.00E-10	1.00E-10	1.00E-10
20170430	5.265	9.46E-06	1.00E-10	5.98E-06	0.000135	1.00E-10	1.00E-10	1.00E-10	1.00E-10	1.00E-10	1.00E-10
20170501	5.265	9.46E-06	1.00E-10	5.98E-06	0.000135	1.00E-10	1.00E-10	1.00E-10	1.00E-10	1.00E-10	1.00E-10
20170502	5.28	3.19E-06	1.00E-10	9.50E-07	4.17E-05	1.00E-10	1.00E-10	1.00E-10	1.00E-10	1.00E-10	1.00E-10
20170503	5.28	3.19E-06	1.00E-10	9.50E-07	4.17E-05	1.00E-10	1.00E-10	1.00E-10	1.00E-10	1.00E-10	1.00E-10
20170504	5.28	3.19E-06	1.00E-10	9.50E-07	4.17E-05	1.00E-10	1.00E-10	1.00E-10	1.00E-10	1.00E-10	1.00E-10
20170505	5.28	3.19E-06	1.00E-10	9.50E-07	4.17E-05	1.00E-10	1.00E-10	1.00E-10	1.00E-10	1.00E-10	1.00E-10
20170506	5.28	3.19E-06	1.00E-10	9.50E-07	4.17E-05	1.00E-10	1.00E-10	1.00E-10	1.00E-10	1.00E-10	1.00E-10
20170507	5.28	3.19E-06	1.00E-10	9.50E-07	4.17E-05	1.00E-10	1.00E-10	1.00E-10	1.00E-10	1.00E-10	1.00E-10
20170508	5.28	3.19E-06	1.00E-10	9.50E-07	4.17E-05	1.00E-10	1.00E-10	1.00E-10	1.00E-10	1.00E-10	1.00E-10
20170509	5.28	3.19E-06	1.00E-10	9.50E-07	4.17E-05	1.00E-10	1.00E-10	1.00E-10	1.00E-10	1.00E-10	1.00E-10
20170510	5.4	7.90E-06	1.00E-10	1.85E-06	5.83E-05	1.00E-10	1.00E-10	1.00E-10	1.00E-10	1.00E-10	1.00E-10
20170511	5.4	7.90E-06	1.00E-10	1.85E-06	5.83E-05	1.00E-10	1.00E-10	1.00E-10	1.00E-10	1.00E-10	1.00E-10
20170512	5.4	7.90E-06	1.00E-10	1.85E-06	5.83E-05	1.00E-10	1.00E-10	1.00E-10	1.00E-10	1.00E-10	1.00E-10
20170513	5.4	7.90E-06	1.00E-10	1.85E-06	5.83E-05	1.00E-10	1.00E-10	1.00E-10	1.00E-10	1.00E-10	1.00E-10
20170514	5.4	7.90E-06	1.00E-10	1.85E-06	5.83E-05	1.00E-10	1.00E-10	1.00E-10	1.00E-10	1.00E-10	1.00E-10
20170515	5.4	7.90E-06	1.00E-10	1.85E-06	5.83E-05	1.00E-10	1.00E-10	1.00E-10	1.00E-10	1.00E-10	1.00E-10
20170516	5.4	7.90E-06	1.00E-10	1.85E-06	5.83E-05	1.00E-10	1.00E-10	1.00E-10	1.00E-10	1.00E-10	1.00E-10
20170517	5.76	7.90E-06	1.00E-10	7.95E-06	0.000174167	1.00E-10	1.00E-10	1.00E-10	1.00E-10	1.00E-10	1.00E-10
20170518	5.76	7.90E-06	1.00E-10	7.95E-06	0.000174167	1.00E-10	1.00E-10	1.00E-10	1.00E-10	1.00E-10	1.00E-10
20170519	5.76	7.90E-06	1.00E-10	7.95E-06	0.000174167	1.00E-10	1.00E-10	1.00E-10	1.00E-10	1.00E-10	1.00E-10
20170520	5.76	7.90E-06	1.00E-10	7.95E-06	0.000174167	1.00E-10	1.00E-10	1.00E-10	1.00E-10	1.00E-10	1.00E-10
20170521	5.76	7.90E-06	1.00E-10	7.95E-06	0.000174167	1.00E-10	1.00E-10	1.00E-10	1.00E-10	1.00E-10	1.00E-10
20170522	5.76	7.90E-06	1.00E-10	7.95E-06	0.000174167	1.00E-10	1.00E-10	1.00E-10	1.00E-10	1.00E-10	1.00E-10
20170523	5.76	7.90E-06	1.00E-10	7.95E-06	0.000174167	1.00E-10	1.00E-10	1.00E-10	1.00E-10	1.00E-10	1.00E-10
20170524	5.76	7.90E-06	1.00E-10	7.95E-06	0.000174167	1.00E-10	1.00E-10	1.00E-10	1.00E-10	1.00E-10	1.00E-10
20170525	5.33	5.92E-06	1.00E-10	1.25E-06	3.25E-05	1.00E-10	1.00E-10	1.00E-10	1.00E-10	1.00E-10	1.00E-10
20170526	5.33	5.92E-06	1.00E-10	1.25E-06	3.25E-05	1.00E-10	1.00E-10	1.00E-10	1.00E-10	1.00E-10	1.00E-10
20170527	5.33	5.92E-06	1.00E-10	1.25E-06	3.25E-05	1.00E-10	1.00E-10	1.00E-10	1.00E-10	1.00E-10	1.00E-10
20170528	5.33	5.92E-06	1.00E-10	1.25E-06	3.25E-05	1.00E-10	1.00E-10	1.00E-10	1.00E-10	1.00E-10	1.00E-10
20170529	5.33	5.92E-06	1.00E-10	1.25E-06	3.25E-05	1.00E-10	1.00E-10	1.00E-10	1.00E-10	1.00E-10	1.00E-10
20170530	5.33	5.92E-06	1.00E-10	1.25E-06	3.25E-05	1.00E-10	1.00E-10	1.00E-10	1.00E-10	1.00E-10	1.00E-10
20170531	5.33	5.92E-06	1.00E-10	1.25E-06	3.25E-05	1.00E-10	1.00E-10	1.00E-10	1.00E-10	1.00E-10	1.00E-10
20170601	5.73	3.22E-06	1.00E-10	2.73E-06	8.58E-05	1.00E-10	1.00E-10	1.00E-10	1.00E-10	1.00E-10	1.00E-10
20170602	5.73	3.22E-06	1.00E-10	2.73E-06	8.58E-05	1.00E-10	1.00E-10	1.00E-10	1.00E-10	1.00E-10	1.00E-10
20170603	5.73	3.22E-06	1.00E-10	2.73E-06	8.58E-05	1.00E-10	1.00E-10	1.00E-10	1.00E-10	1.00E-10	1.00E-10
20170604	5.73	3.22E-06	1.00E-10	2.73E-06	8.58E-05	1.00E-10	1.00E-10	1.00E-10	1.00E-10	1.00E-10	1.00E-10
20170605	5.73	3.22E-06	1.00E-10	2.73E-06	8.58E-05	1.00E-10	1.00E-10	1.00E-10	1.00E-10	1.00E-10	1.00E-10
20170606	5.35	3.22E-06	1.00E-10	9.00E-07	9.17E-05	1.00E-10	1.00E-10	1.00E-10	1.00E-10	1.00E-10	1.00E-10
20170607	5.35	3.22E-06	1.00E-10	9.00E-07	9.17E-05	1.00E-10	1.00E-10	1.00E-10	1.00E-10	1.00E-10	1.00E-10
20170608	5.35	3.22E-06	1.00E-10	9.00E-07	9.17E-05	1.00E-10	1.00E-10	1.00E-10	1.00E-10	1.00E-10	1.00E-10
20170609	5.35	3.22E-06	1.00E-10	9.00E-07	9.17E-05	1.00E-10	1.00E-10	1.00E-10	1.00E-10	1.00E-10	1.00E-10
20170610	5.35	3.22E-06	1.00E-10	9.00E-07	9.17E-05	1.00E-10	1.00E-10	1.00E-10	1.00E-10	1.00E-10	1.00E-10
20170611	5.35	3.22E-06	1.00E-10	9.00E-07	9.17E-05	1.00E-10	1.00E-10	1.00E-10	1.00E-10	1.00E-10	1.00E-10
20170612	5.35	3.22E-06	1.00E-10	9.00E-07	9.17E-05	1.00E-10	1.00E-10	1.00E-10	1.00E-10	1.00E-10	1.00E-10
20170613	5.35	3.22E-06	1.00E-10	9.00E-07	9.17E-05	1.00E-10	1.00E-10	1.00E-10	1.00E-10	1.00E-10	1.00E-10
20170614	5.9	3.36E-06	1.00E-10	8.50E-07	0.000121667	1.00E-10	1.00E-10	1.00E-10	1.00E-10	1.00E-10	1.00E-10
20170615	5.9	3.36E-06	1.00E-10	8.50E-07	0.000121667	1.00E-10	1.00E-10	1.00E-10	1.00E-10	1.00E-10	1.00E-10
20170616	5.9	3.36E-06	1.00E-10	8.50E-07	0.000121667	1.00E-10	1.00E-10	1.00E-10	1.00E-10	1.00E-10	1.00E-10
20170617	5.9	3.36E-06	1.00E-10	8.50E-07	0.000121667	1.00E-10	1.00E-10	1.00E-10	1.00E-10	1.00E-10	1.00E-10
20170618	5.9	3.36E-06	1.00E-10	8.50E-07	0.000121667	1.00E-10	1.00E-10	1.00E-10	1.00E-10	1.00E-10	1.00E-10
20170619	5.9	3.36E-06	1.00E-10	8.50E-07	0.000121667	1.00E-10	1.00E-10	1.00E-10	1.00E-10	1.00E-10	1.00E-10
20170620	5.9	3.36E-06	1.00E-10	8.50E-07	0.000121667	1.00E-10	1.00E-10	1.00E-10	1.00E-10	1.00E-10	1.00E-10
20170621	5.75	3.75E-06	1.00E-10	1.85E-06	0.0001475	1.00E-10	1.00E-10	1.00E-10	1.00E-10	1.00E-10	1.00E-10
20170622	5.75	3.75E-06	1.00E-10	1.85E-06	0.0001475	1.00E-10	1.00E-10	1.00E-10	1.00E-10	1.00E-10	1.00E-10
20170623	5.75	3.75E-06	1.00E-10	1.85E-06	0.0001475	1.00E-10	1.00E-10	1.00E-10	1.00E-10	1.00E-10	1.00E-10
20170624	5.75	3.75E-06	1.00E-10	1.85E-06	0.0001475	1.00E-10	1.00E-10	1.00E-10	1.00E-10	1.00E-10	1.00E-10
20170625	5.75	3.75E-06	1.00E-10	1.85E-06	0.0001475	1.00E-10	1.00E-10	1.00E-10	1.00E-10	1.00E-10	1.00E-10
20170626	5.75	3.75E-06	1.00E-10	1.85E-06	0.0001475	1.00E-10	1.00E-10	1.00E-10	1.00E-10	1.00E-10	1.00E-10
20170627	5.75	3.75E-06	1.00E-10	1.85E-06	0.0001475	1.00E-10	1.00E-10	1.00E-10	1.00E-10	1.00E-10	1.00E-10
20170628	5.75	3.75E-06	1.00E-10	1.85E-06	0.0001475	1.00E-10	1.00E-10	1.00E-10	1.00E-10	1.00E-10	1.00E-10
20170629	5.32	5.50E-06	1.00E-10	9.00E-07	7.42E-05	1.00E-10	1.00E-10	1.00E-10	1.00E-10	1.00E-10	1.00E-10
20170630	5.32	5.50E-06	1.00E-10	9.00E-07	7.42E-05	1.00E-10	1.00E-10	1.00E-10	1.00E-10	1.00E-10	1.00E-10
20170701	5.32	5.50E-06	1.00E-10	9.00E-07	7.42E-05	1.00E-10	1.00E-10	1.00E-10	1.00E-10	1.00E-10	1.00E-10
20170702	5.32	5.50E-06	1.00E-10	9.00E-07	7.42E-05	1.00E-10	1.00E-10	1.00E-10	1.00E-10	1.00E-10	1.00E-10
20170703	5.32	5.50E-06	1.00E-10	9.00E-07	7.42E-05	1.00E-10	1.00E-10	1.00E-10	1.00E-10	1.00E-10	1.00E-10
20170704	5.47	5.50E-06	1.00E-10	3.30E-06	7.42E-05	1.00E-10	1.00E-10	1.00E-10	1.00E-10	1.00E-10	1.00E-10
20170705	5.47	5.50E-06	1.00E-10	3.30E-06	7.42E-05	1.00E-10	1.00E-10	1.00E-10	1.00E-10	1.00E-10	1.00E-10
20170706	5.47	5.50E-06	1.00E-10	3.30E-06	7.42E-05	1.00E-10	1.00E-10	1.00E-10	1.00E-10	1.00E-10	1.00E-10
20170707	5.47	5.50E-06	1.00E-10	3.30E-06	7.42E-05	1.00E-10	1.00E-10	1.00E-10	1.00E-10	1.00E-10	1.00E-10
20170708	5.47	5.50E-06	1.00E-10	3.30E-06	7.42E-05	1.00E-10	1.00E-10	1.00E-10	1.00E-10	1.00E-10	1.00E-10
20170709	5.47	5.50E-06	1.00E-10	3.30E-06	7.42E-05	1.00E-10	1.00E-10	1.00E-10	1.00E-10	1.00E-10	1.00E-10
20170710	5.47	5.50E-06	1.00E-10	3.30E-06	7.42E-05	1.00E-10	1.00E-10	1.00E-10	1.00E-10	1.00E-10	1.00E-10
20170711	5.47	5.50E-06	1.00E-10	3.30E-06	7.42E-05	1.00E-10	1.00E-10	1.00E-10	1.00E-10	1.00E-10	1.00E-10
20170712	5.47	5.50E-06	1.00E-10	3.30E-06	7.42E-05	1.00E-10	1.00E-10	1.00E-10	1.00E-10	1.00E-10	1.00E-10
20170713	6.22	5.50E-06	1.00E-10	3.95E-06	0.000338333	1.00E-10	1.00E-10	1.00E-10	1.00E-10	1.00E-10	1.00E-10
20170714	6.22	5.50E-06	1.00E-10	3.95E-06	0.000338333	1.00E-10	1.00E-10	1.00E-10	1.00E-10	1.00E-10	1.00E-10
20170715	6.22	5.50E-06	1.00E-10	3.95E-06	0.000338333	1.00E-10	1.00E-10	1.00E-10	1.00E-10	1.00E-10	1.00E-10
20170716	6.22	5.50E-06	1.00E-10	3.95E-06	0.000338333	1.00E-10	1.00E-10	1.00E-10	1.00E-10	1.00E-10	1.00E-10
20170717	6.22	5.50E-06	1.00E-10	3.95E-06	0.000338333	1.00E-10	1.00E-10	1.00E-10	1.00E-10	1.00E-10	1.00E-10
20170718	5.95	5.56E-06	1.00E-10	2.65E-06	0.0001625	1.00E-10	1.00E-10	1.00E-10	1.00E-10	1.00E-10	1.00E-10
20170719	5.95	5.56E-06	1.00E-10	2.65E-06	0.0001625	1.00E-10	1.00E-10	1.00E-10	1.00E-10	1.00E-10	1.00E-10
20170720	5.95	5.56E-06	1.00E-10	2.65E-06	0.0001625	1.00E-10	1.00E-10	1.00E-10	1.00E-10	1.00E-10	1.00E-10
20170721	5.95	5.56E-06	1.00E-10	2.65E-06	0.0001625	1.00E-10	1.00E-10	1.00E-10	1.00E-10	1.00E-10	1.00E-10
20170722	5.95	5.56E-06	1.00E-10	2.65E-06	0.0001625	1.00E-10	1.00E-10	1.00E-10	1.00E-10	1.00E-10	1.00E-10
20170723	5.95	5.56E-06	1.00E-10	2.65E-06	0.0001625	1.00E-10	1.00E-10	1.00E-10	1.00E-10	1.00E-10	1.00E-10
20170724	5.95	5.56E-06	1.00E-10	2.65E-06	0.0001625	1.00E-10	1.00E-10	1.00E-10	1.00E-10	1.00E-10	1.00E-10
20170725	5.95	5.56E-06	1.00E-10	2.65E-06	0.0001625	1.00E-10	1.00E-10	1.00E-10	1.00E-10	1.00E-10	1.00E-10
20170726	5.95	5.56E-06	1.00E-10	2.65E-06	0.0001625	1.00E-10	1.00E-10	1.00E-10	1.00E-10	1.00E-10	1.00E-10
20170727	5.8	5.47E-06	1.00E-10	2.55E-06	0.0001325	1.00E-10	1.00E-10	1.00E-10	1.00E-10	1.00E-10	1.00E-10
20170728	5.8	5.47E-06	1.00E-10	2.55E-06	0.0001325	1.00E-10	1.00E-10	1.00E-10	1.00E-10	1.00E-10	1.00E-10
20170729	5.8	5.47E-06	1.00E-10	2.55E-06	0.0001325	1.00E-10	1.00E-10	1.00E-10	1.00E-10	1.00E-10	1.00E-10
20170730	5.8	5.47E-06	1.00E-10	2.55E-06	0.0001325	1.00E-10	1.00E-10	1.00E-10	1.00E-10	1.00E-10	1.00E-10
20170731	5.8	5.47E-06	1.00E-10	2.55E-06	0.0001325	1.00E-10	1.00E-10	1.00E-10	1.00E-10	1.00E-10	1.00E-10
20170801	5.8	5.47E-06	1.00E-10	2.55E-06	0.0001325	1.00E-10	1.00E-10	1.00E-10	1.00E-10	1.00E-10	1.00E-10
20170802	5.8	5.47E-06	1.00E-10	2.55E-06	0.0001325	1.00E-10	1.00E-10	1.00E-10	1.00E-10	1.00E-10	1.00E-10
20170803	5.8	5.47E-06	1.00E-10	2.55E-06	0.0001325	1.00E-10	1.00E-10	1.00E-10	1.00E-10	1.00E-10	1.00E-10
20170804	5.8	5.47E-06	1.00E-10	2.55E-06	0.0001325	1.00E-10	1.00E-10	1.00E-10	1.00E-10	1.00E-10	1.00E-10
20170805	5.8	5.47E-06	1.00E-10	2.55E-06	0.0001325	1.00E-10	1.00E-10	1.00E-10	1.00E-10	1.00E-10	1.00E-10
20170806	5.8	5.47E-06	1.00E-10	2.55E-06	0.0001325	1.00E-10	1.00E-10	1.00E-10	1.00E-10	1.00E-10	1.00E-10
20170807	5.8	5.47E-06	1.00E-10	2.55E-06	0.0001325	1.00E-10	1.00E-10	1.00E-10	1.00E-10	1.00E-10	1.00E-10
20170808	5.8	5.47E-06	1.00E-10	2.55E-06	0.0001325	1.00E-10	1.00E-10	1.00E-10	1.00E-10	1.00E-10	1.00E-10
20170809	5.8	5.47E-06	1.00E-10	2.55E-06	0.0001325	1.00E-10	1.00E-10	1.00E-10	1.00E-10	1.00E-10	1.00E-10
20170810	4.86	3.84E-06	1.00E-10	1.40E-06	0.0001375	1.00E-10	1.00E-10	1.00E-10	1.00E-10	1.00E-10	1.00E-10
20170811	4.86	3.84E-06	1.00E-10	1.40E-06	0.0001375	1.00E-10	1.00E-10	1.00E-10	1.00E-10	1.00E-10	1.00E-10
20170812	4.86	3.84E-06	1.00E-10	1.40E-06	0.0001375	1.00E-10	1.00E-10	1.00E-10	1.00E-10	1.00E-10	1.00E-10
20170813	4.86	3.84E-06	1.00E-10	1.40E-06	0.0001375	1.00E-10	1.00E-10	1.00E-10	1.00E-10	1.00E-10	1.00E-10
20170814	4.86	3.84E-06	1.00E-10	1.40E-06	0.0001375	1.00E-10	1.00E-10	1.00E-10	1.00E-10	1.00E-10	1.00E-10
20170815	4.86	3.84E-06	1.00E-10	1.40E-06	0.0001375	1.00E-10	1.00E-10	1.00E-10	1.00E-10	1.00E-10	1.00E-10
20170816	4.86	3.84E-06	1.00E-10	1.40E-06	0.0001375	1.00E-10	1.00E-10	1.00E-10	1.00E-10	1.00E-10	1.00E-10
20170817	5.28	3.78E-06	1.00E-10	3.20E-06	6.08E-05	1.00E-10	1.00E-10	1.00E-10	1.00E-10	1.00E-10	1.00E-10
20170818	5.28	3.78E-06	1.00E-10	3.20E-06	6.08E-05	1.00E-10	1.00E-10	1.00E-10	1.00E-10	1.00E-10	1.00E-10
20170819	5.28	3.78E-06	1.00E-10	3.20E-06	6.08E-05	1.00E-10	1.00E-10	1.00E-10	1.00E-10	1.00E-10	1.00E-10
20170820	5.28	3.78E-06	1.00E-10	3.20E-06	6.08E-05	1.00E-10	1.00E-10	1.00E-10	1.00E-10	1.00E-10	1.00E-10
20170821	5.28	3.78E-06	1.00E-10	3.20E-06	6.08E-05	1.00E-10	1.00E-10	1.00E-10	1.00E-10	1.00E-10	1.00E-10
20170822	5.28	3.78E-06	1.00E-10	3.20E-06	6.08E-05	1.00E-10	1.00E-10	1.00E-10	1.00E-10	1.00E-10	1.00E-10
20170823	5.28	3.78E-06	1.00E-10	3.20E-06	6.08E-05	1.00E-10	1.00E-10	1.00E-10	1.00E-10	1.00E-10	1.00E-10
20170824	5.28	3.78E-06	1.00E-10	3.20E-06	6.08E-05	1.00E-10	1.00E-10	1.00E-10	1.00E-10	1.00E-10	1.00E-10
20170825	5.28	3.78E-06	1.00E-10	3.20E-06	6.08E-05	1.00E-10	1.00E-10	1.00E-10	1.00E-10	1.00E-10	1.00E-10
20170826	5.28	3.78E-06	1.00E-10	3.20E-06	6.08E-05	1.00E-10	1.00E-10	1.00E-10	1.00E-10	1.00E-10	1.00E-10
20170827	5.28	3.78E-06	1.00E-10	3.20E-06	6.08E-05	1.00E-10	1.00E-10	1.00E-10	1.00E-10	1.00E-10	1.00E-10
20170828	5.28	3.78E-06	1.00E-10	3.20E-06	6.08E-05	1.00E-10	1.00E-10	1.00E-10	1.00E-10	1.00E-10	1.00E-10
20170829	5.28	3.78E-06	1.00E-10	3.20E-06	6.08E-05	1.00E-10	1.00E-10	1.00E-10	1.00E-10	1.00E-10	1.00E-10
20170830	5.28	3.78E-06	1.00E-10	3.20E-06	6.08E-05	1.00E-10	1.00E-10	1.00E-10	1.00E-10	1.00E-10	1.00E-10
20170831	5.28	3.78E-06	1.00E-10	3.20E-06	6.08E-05	1.00E-10	1.00E-10	1.00E-10	1.00E-10	1.00E-10	1.00E-10
20170901	5.28	3.78E-06	1.00E-10	3.20E-06	6.08E-05	1.00E-10	1.00E-10	1.00E-10	1.00E-10	1.00E-10	1.00E-10
20170902	5.28	3.78E-06	1.00E-10	3.20E-06	6.08E-05	1.00E-10	1.00E-10	1.00E-10	1.00E-10	1.00E-10	1.00E-10
20170903	5.28	3.78E-06	1.00E-10	3.20E-06	6.08E-05	1.00E-10	1.00E-10	1.00E-10	1.00E-10	1.00E-10	1.00E-10
20170904	5.28	3.78E-06	1.00E-10	3.20E-06	6.08E-05	1.00E-10	1.00E-10	1.00E-10	1.00E-10	1.00E-10	1.00E-10
20170905	5.3	3.78E-06	1.00E-10	3.20E-06	0.000269167	1.00E-10	1.00E-10	1.00E-10	1.00E-10	1.00E-10	1.00E-10
20170906	5.3	3.78E-06	1.00E-10	3.20E-06	0.000269167	1.00E-10	1.00E-10	1.00E-10	1.00E-10	1.00E-10	1.00E-10
20170907	5.3	3.78E-06	1.00E-10	3.20E-06	0.000269167	1.00E-10	1.00E-10	1.00E-10	1.00E-10	1.00E-10	1.00E-10
20170908	5.3	3.78E-06	1.00E-10	3.20E-06	0.000269167	1.00E-10	1.00E-10	1.00E-10	1.00E-10	1.00E-10	1.00E-10
20170909	5.3	3.78E-06	1.00E-10	3.20E-06	0.000269167	1.00E-10	1.00E-10	1.00E-10	1.00E-10	1.00E-10	1.00E-10
20170910	5.3	3.78E-06	1.00E-10	3.20E-06	0.000269167	1.00E-10	1.00E-10	1.00E-10	1.00E-10	1.00E-10	1.00E-10
20170911	5.3	3.78E-06	1.00E-10	3.20E-06	0.000269167	1.00E-10	1.00E-10	1.00E-10	1.00E-10	1.00E-10	1.00E-10
20170912	5.3	3.78E-06	1.00E-10	3.20E-06	0.000269167	1.00E-10	1.00E-10	1.00E-10	1.00E-10	1.00E-10	1.00E-10
20170913	5.31	2.88E-06	1.00E-10	6.20E-06	4.75E-05	1.00E-10	1.00E-10	1.00E-10	1.00E-10	1.00E-10	1.00E-10
20170914	5.31	2.88E-06	1.00E-10	6.20E-06	4.75E-05	1.00E-10	1.00E-10	1.00E-10	1.00E-10	1.00E-10	1.00E-10
20170915	5.31	2.88E-06	1.00E-10	6.20E-06	4.75E-05	1.00E-10	1.00E-10	1.00E-10	1.00E-10	1.00E-10	1.00E-10
20170916	5.31	2.88E-06	1.00E-10	6.20E-06	4.75E-05	1.00E-10	1.00E-10	1.00E-10	1.00E-10	1.00E-10	1.00E-10
20170917	5.31	2.88E-06	1.00E-10	6.20E-06	4.75E-05	1.00E-10	1.00E-10	1.00E-10	1.00E-10	1.00E-10	1.00E-10
20170918	5.31	2.88E-06	1.00E-10	6.20E-06	4.75E-05	1.00E-10	1.00E-10	1.00E-10	1.00E-10	1.00E-10	1.00E-10
20170919	5.31	2.88E-06	1.00E-10	6.20E-06	4.75E-05	1.00E-10	1.00E-10	1.00E-10	1.00E-10	1.00E-10	1.00E-10
20170920	5.31	2.88E-06	1.00E-10	6.20E-06	4.75E-05	1.00E-10	1.00E-10	1.00E-10	1.00E-10	1.00E-10	1.00E-10
20170921	5.31	2.88E-06	1.00E-10	6.20E-06	4.75E-05	1.00E-10	1.00E-10	1.00E-10	1.00E-10	1.00E-10	1.00E-10
20170922	5.31	2.88E-06	1.00E-10	6.20E-06	4.75E-05	1.00E-10	1.00E-10	1.00E-10	1.00E-10	1.00E-10	1.00E-10
20170923	5.31	2.88E-06	1.00E-10	6.20E-06	4.75E-05	1.00E-10	1.00E-10	1.00E-10	1.00E-10	1.00E-10	1.00E-10
20170924	5.31	2.88E-06	1.00E-10	6.20E-06	4.75E-05	1.00E-10	1.00E-10	1.00E-10	1.00E-10	1.00E-10	1.00E-10
20170925	5.31	2.88E-06	1.00E-10	6.20E-06	4.75E-05	1.00E-10	1.00E-10	1.00E-10	1.00E-10	1.00E-10	1.00E-10
20170926	5.31	2.88E-06	1.00E-10	6.20E-06	4.75E-05	1.00E-10	1.00E-10	1.00E-10	1.00E-10	1.00E-10	1.00E-10
20170927	5.31	2.88E-06	1.00E-10	6.20E-06	4.75E-05	1.00E-10	1.00E-10	1.00E-10	1.00E-10	1.00E-10	1.00E-10
20170928	5.31	2.88E-06	1.00E-10	6.20E-06	4.75E-05	1.00E-10	1.00E-10	1.00E-10	1.00E-10	1.00E-10	1.00E-10
20170929	5.31	2.88E-06	1.00E-10	6.20E-06	4.75E-05	1.00E-10	1.00E-10	1.00E-10	1.00E-10	1.00E-10	1.00E-10
20170930	5.31	2.88E-06	1.00E-10	6.20E-06	4.75E-05	1.00E-10	1.00E-10	1.00E-10	1.00E-10	1.00E-10	1.00E-10