Date	Qsim	Qobs	Precipitation	Temperature	AET	PET	Snow	Snowcover	SM	Recharge	SUZ	SLZ	Q0	Q1	Q2	Qsim_rain	Qsim_snow
20151001	2.3899641349	1.116	0.0	7.9	2.27	2.27	0.0	0.00	69.7	0.0	8.7	4.1	0.000	1.9814224647	0.4085416702	2.390	0.000
20151002	1.9045433429	0.592	0.0	5.9	1.68	1.68	0.0	0.00	68.0	0.0	6.4	4.5	0.000	1.4554177101	0.4491256328	1.904	0.000
20151003	1.5128483615	0.452	0.0	6.2	1.86	1.91	0.0	0.00	66.2	0.0	4.5	4.9	0.000	1.0267870719	0.4860612897	1.513	0.000
20151004	1.1971812383	0.376	0.0	6.4	1.80	1.90	0.0	0.00	64.4	0.0	3.0	5.3	0.000	0.6775046321	0.5196766061	1.197	0.000
20151005	0.9431514999	0.340	0.0	7.3	2.12	2.30	0.0	0.00	62.3	0.0	1.7	5.6	0.000	0.3928814349	0.5502700651	0.943	0.000
20151006	0.7451956100	0.319	0.1	8.6	2.47	2.77	0.0	0.00	59.8	0.0	0.7	5.9	0.000	0.1670822928	0.5781133172	0.745	0.000
20151007	0.5922597199	0.314	0.0	10.8	1.75	2.04	0.0	0.00	58.1	0.0	0.0	6.0	0.000	0.000	0.5922597199	0.592	0.000
20151008	0.5390183801	0.308	0.0	7.1	1.50	1.80	0.0	0.00	56.6	0.0	0.0	5.5	0.000	0.000	0.5390183801	0.539	0.000
20151009	1.4554196495	1.196	17.1	7.1	1.07	1.19	0.0	0.00	67.0	5.7	3.9	5.7	0.000	0.8875465441	0.5678731053	1.455	0.000
20151010	1.1787473260	0.728	0.3	4.9	1.99	2.07	0.0	0.00	65.2	0.1	2.6	6.0	0.000	0.5846133984	0.5941339276	1.179	0.000
20151011	0.9352202733	0.533	0.0	9.3	2.02	2.16	0.0	0.00	63.2	0.0	1.4	6.3	0.000	0.3171862468	0.6180340265	0.935	0.000
20151012	0.7390508885	0.467	0.0	13.4	2.12	2.34	0.0	0.00	61.0	0.0	0.4	6.5	0.000	0.0992652687	0.6397856199	0.739	0.000
20151013	0.8890120587	0.469	5.0	13.2	1.42	1.58	0.0	0.00	63.0	1.7	1.0	6.7	0.000	0.2294302105	0.6595818482	0.889	0.000
20151014	1.0207644498	0.666	4.9	6.0	1.61	1.74	0.0	0.00	64.5	1.7	1.5	6.9	0.000	0.3431659604	0.6775984895	1.021	0.000
20151015	0.8144311320	0.539	0.0	6.4	2.00	2.16	0.0	0.00	62.5	0.0	0.5	7.0	0.000	0.1204356119	0.6939955201	0.814	0.000
20151016	0.7851734948	0.553	2.2	4.2	1.91	2.11	0.0	0.00	62.1	0.7	0.3	7.2	0.000	0.0762549593	0.7089185355	0.785	0.000
20151017	0.6753649322	0.594	7.2	-0.6	2.04	2.30	4.1	1.00	60.0	0.0	0.0	6.8	0.000	0.000	0.6753649322	0.675	0.000
20151018	0.6146528280	0.564	0.8	-3.3	0.00	1.09	4.5	1.00	60.0	0.0	0.0	6.2	0.000	0.000	0.614652828	0.615	0.000
20151019	0.5593984541	0.516	0.8	-2.3	0.00	2.01	5.0	1.00	60.0	0.0	0.0	5.7	0.000	0.000	0.5593984541	0.559	0.000
20151020	0.7503037762	0.569	0.4	7.1	0.00	1.33	0.0	0.00	63.7	1.7	0.7	5.9	0.000	0.1638826689	0.5864211073	0.732	0.018
20151021	0.6424785400	0.528	0.9	9.6	1.23	1.34	0.0	0.00	63.0	0.3	0.1	6.2	0.000	0.0314639878	0.6110145522	0.629	0.014
20151022	0.5988887309	0.495	1.0	10.5	1.02	1.12	0.0	0.00	62.7	0.3	0.0	6.1	0.000	0.000	0.5988887309	0.586	0.013
20151023	0.5540779731	0.459	0.3	1.8	0.82	0.92	0.0	0.00	62.0	0.1	0.0	5.6	0.000	0.000	0.5540779731	0.541	0.013
20151024	0.5042689913	0.416	0.0	1.6	1.75	1.97	0.0	0.00	60.3	0.0	0.0	5.1	0.000	0.000	0.5042689913	0.493	0.012
20151025	0.6045098785	0.519	3.8	6.4	1.36	1.54	0.0	0.00	61.5	1.2	0.3	5.4	0.000	0.0682623568	0.5362475217	0.584	0.021
20151026	0.5384493984	0.476	0.8	1.8	1.27	1.44	0.0	0.00	60.8	0.3	0.0	5.5	0.000	0.000	0.5384493984	0.520	0.018
20151027	0.4900453514	0.432	0.0	2.4	0.92	1.05	0.0	0.00	59.9	0.0	0.0	5.0	0.000	0.000	0.4900453514	0.474	0.016
20151028	1.5572475502	0.944	18.0	3.1	0.91	0.97	0.0	0.00	70.5	6.4	4.6	5.3	0.000	1.0339450307	0.5233025196	1.484	0.073
20151029	2.6163142859	3.926	16.9	10.5	1.72	1.72	0.0	0.00	78.2	7.5	9.1	5.6	0.000	2.0627442598	0.5535700261	2.501	0.116
20151030	2.1028018238	1.432	1.5	1.2	1.04	1.04	0.8	1.00	77.2	0.0	6.7	5.9	0.000	1.5216851965	0.5811166274	2.010	0.092
20151031	1.7589231782	1.030	0.0	1.8	0.00	1.32	0.0	0.00	77.6	0.4	5.1	6.1	0.000	1.1527362584	0.6061869198	1.681	0.077
20151101	1.4864405544	0.931	0.9	5.2	0.84	0.84	0.0	0.00	77.3	0.4	3.8	6.4	0.000	0.8574370425	0.6290035119	1.421	0.066
20151102	1.2319148077	0.828	0.5	5.7	1.50	1.50	0.0	0.00	76.0	0.2	2.6	6.6	0.000	0.5821458071	0.6497690006	1.178	0.054
20151103	0.9921649843	0.793	0.1	8.2	1.05	1.05	0.0	0.00	75.1	0.0	1.4	6.8	0.000	0.323497214	0.6686677703	0.949	0.043
20151104	0.7902755785	0.746	0.0	7.5	1.26	1.26	0.0	0.00	73.8	0.0	0.5	6.9	0.000	0.1044079482	0.6858676302	0.756	0.034
20151105	0.6655265987	0.736	0.0	11.9	1.51	1.51	0.0	0.00	72.3	0.0	0.0	6.7	0.000	0.000	0.6655265987	0.637	0.029
20151106	0.6094399372	0.721	0.1	14.4	1.60	1.60	0.0	0.00	70.8	0.0	0.0	6.2	0.000	0.000	0.6094399372	0.583	0.026
20151107	0.6128611457	0.692	1.6	6.7	1.53	1.53	0.0	0.00	70.2	0.6	0.0	6.2	0.000	0.000	0.6128611457	0.586	0.027
20151108	0.5577678355	0.691	0.6	1.1	1.66	1.66	0.3	1.00	68.5	0.0	0.0	5.6	0.000	0.000	0.5577678355	0.533	0.024
20151109	0.5192829419	0.660	0.0	3.9	0.00	0.95	0.0	0.00	68.7	0.1	0.0	5.3	0.000	0.000	0.5192829419	0.497	0.023
20151110	0.4726018683	0.636	0.0	5.1	1.33	1.35	0.0	0.00	67.4	0.0	0.0	4.8	0.000	0.000	0.4726018683	0.452	0.021
20151111	0.4469247749	0.642	0.5	6.2	0.91	0.94	0.0	0.00	66.8	0.2	0.0	4.5	0.000	0.000	0.4469247749	0.427	0.020
20151112	1.0362917293	0.860	9.8	5.4	1.30	1.30	0.0	0.00	71.5	3.8	2.4	4.9	0.000	0.5522334508	0.4840582785	0.988	0.048
20151113	1.7617276073	1.728	11.8	3.6	1.49	1.49	0.0	0.00	76.6	5.1	5.5	5.2	0.000	1.2438739511	0.5178536561	1.685	0.077
20151114	1.4030153300	1.754	4.9	-1.4	1.56	1.56	2.8	1.00	75.0	0.0	3.8	5.6	0.000	0.8544043403	0.5486109897	1.342	0.061
20151115	1.1136368147	1.139	0.2	0.3	0.00	1.24	2.9	1.00	75.0	0.0	2.4	5.8	0.000	0.53703343	0.5766033848	1.065	0.049
20151116	0.8804936890	1.105	1.0	0.3	0.00	0.98	3.4	1.00	75.0	0.0	1.2	6.1	0.000	0.2784142927	0.6020793963	0.842	0.038
20151117	0.6929360225	0.978	0.0	-0.8	0.00	0.81	3.4	1.00	75.0	0.0	0.3	6.3	0.000	0.0676707872	0.6252652353	0.663	0.030
20151118	0.5958348286	0.876	0.0	0.7	0.00	1.22	3.4	1.00	75.0	0.0	0.0	6.0	0.000	0.000	0.5958348286	0.570	0.026
20151119	1.2845716510	0.909	6.2	5.3	0.00	1.07	0.0	0.00	80.2	4.5	2.9	6.3	0.000	0.6649896265	0.6195820245	1.204	0.081
20151120	1.7416604215	2.448	7.7	2.6	0.69	0.69	0.0	0.00	83.4	3.9	4.8	6.5	0.000	1.1004659613	0.6411944602	1.629	0.113
20151121	1.3984081097	1.382	0.0	-0.1	1.25	1.25	0.0	0.00	82.1	0.0	3.2	6.7	0.000	0.7375440693	0.6608640405	1.309	0.089
20151122	1.1392819464	1.177	0.2	2.4	1.08	1.08	0.0	0.00	81.1	0.1	2.0	6.9	0.000	0.4605165277	0.6787654187	1.068	0.071
20151123	0.9111197642	1.032	1.6	-5.1	0.94	0.94	0.9	1.00	80.2	0.0	1.0	7.0	0.000	0.2160622162	0.695057548	0.855	0.056
20151124	0.7267464331	0.903	0.0	-7.0	0.00	0.38	0.9	1.00	80.2	0.0	0.1	7.2	0.000	0.016861341	0.7098850921	0.683	0.043
20151125	0.6527419818	0.904	0.0	-3.3	0.00	0.52	0.9	1.00	80.2	0.0	0.0	6.6	0.000	0.000	0.6527419818	0.614	0.039
20151126	0.5940635736	0.903	0.0	1.1	0.00	0.48	0.9	1.00	80.2	0.0	0.0	6.0	0.000	0.000	0.5940635736	0.559	0.035
20151127	0.6220635815	0.918	0.9	5.7	0.00	1.19	0.0	0.00	81.1	0.9	0.0	6.3	0.000	0.0040935845	0.617969997	0.583	0.039
20151128	0.5640372955	1.010	1.2	0.3	1.05	1.05	0.7	1.00	80.1	0.0	0.0	5.7	0.000	0.000	0.5640372955	0.529	0.035
20151129	0.5133330179	0.903	0.6	-5.4	0.00	0.29	1.0	1.00	80.1	0.0	0.0	5.2	0.000	0.000	0.5133330179	0.482	0.032
20151130	0.4671868143	0.793	0.1	-6.7	0.00	0.22	1.1	1.00	80.1	0.0	0.0	4.7	0.000	0.000	0.4671868143	0.438	0.029
20151201	0.4251889356	0.886	8.2	-4.3	0.00	0.65	5.7	1.00	80.1	0.0	0.0	4.3	0.000	0.000	0.4251889356	0.399	0.026
20151202	2.2725420039	3.150	19.8	1.5	0.00	0.72	5.4	1.00	89.5	10.6	8.0	4.7	0.000	1.8082656159	0.464276388	2.115	0.157
20151203	1.8141657592	2.823	9.4	1.1	0.00	1.31	10.7	1.00	89.5	0.0	5.8	5.1	0.000	1.3143156954	0.4998500638	1.689	0.125
20151204	1.4440317282	1.756	3.3	-0.6	0.00	1.15	12.6	1.00	89.5	0.0	4.0	5.4	0.000	0.9118058933	0.5322258348	1.345	0.099
20151205	1.1454999725	1.641	0.8	0.4	0.00	0.85	13.0	1.00	89.5	0.0	2.6	5.7	0.000	0.5838087948	0.5616911777	1.067	0.079
20151206	0.9050383175	1.519	0.0	-0.1	0.00	0.95	13.0	1.00	89.5	0.0	1.4	6.0	0.000	0.3165305916	0.5885077259	0.843	0.062
20151207	0.7116445822	1.415	0.0	-0.7	0.00	1.20	13.0	1.00	89.5	0.0	0.4	6.2	0.000	0.0987309885	0.6129135937	0.663	0.048
20151208	0.5968843572	1.357	0.5	-2.1	0.00	0.41	13.3	1.00	89.5	0.0	0.0	6.0	0.000	0.000	0.5968843572	0.557	0.040
20151209	0.5432272845	1.346	0.0	0.4	0.00	0.68	13.3	1.00	89.5	0.0	0.0	5.5	0.000	0.000	0.5432272845	0.507	0.037
20151210	1.6178173616	1.485	0.0	4.2	0.00	0.74	2.4	1.00	93.9	6.5	4.6	5.8	0.000	1.0461137124	0.5717036492	1.391	0.226
20151211	1.5685238409	1.555	0.0	5.2	0.00	0.65	0.0	0.00	94.8	1.5	4.3	6.1	0.000	0.9709037172	0.5976201237	1.341	0.228
20151212	1.2881095498	1.411	0.3	3.6	0.33	0.33	0.0	0.00	94.6	0.2	2.9	6.3	0.000	0.6669027197	0.6212068301	1.105	0.183
20151213	1.0617305320	1.283	0.3	1.4	0.88	0.88	0.0	0.00	93.8	0.2	1.8	6.5	0.000	0.4190573285	0.6426732035	0.914	0.148
20151214	1.0167784395	1.250	1.5	3.7	0.64	0.64	0.0	0.00	93.8	0.9	1.6	6.7	0.000	0.3545685878	0.6622098517	0.872	0.145
20151215	2.0344200242	2.227	10.4	3.7	0.54	0.54	0.0	0.00	97.0	6.6	6.0	6.9	0.000	1.3544297763	0.6799902479	1.715	0.319
20151216	1.6406663176	1.702	0.8	-1.5	0.95	0.95	0.5	1.00	96.1	0.0	4.2	7.0	0.000	0.9444940467	0.6961722709	1.387	0.254
20151217	2.0136510127	1.604	5.3	2.1	0.00	0.60	0.0	0.00	98.1	3.7	5.7	7.2	0.000	1.302751406	0.7108996067	1.698	0.316
20151218	1.8478705602	2.089	1.8	1.3	1.02	1.02	0.0	0.00	97.7	1.2	4.9	7.3	0.000	1.1235675354	0.7243030248	1.559	0.289
20151219	1.4928706141	1.610	5.8	-4.2	0.82	0.82	3.3	1.00	96.8	0.0	3.3	7.5	0.000	0.7563690748	0.7365015393	1.262	0.231
20151220	1.2047499397	1.473	0.5	-6.5	0.00	0.36	3.6	1.00	96.8	0.0	2.0	7.6	0.000	0.4571464745	0.7476034652	1.020	0.185
20151221	0.9710234086	1.446	1.3	-3.4	0.00	0.58	4.3	1.00	96.8	0.0	0.9	7.7	0.000	0.213316028	0.7577073805	0.824	0.147
20151222	3.9585105239	4.738	20.6	2.7	0.00	0.24	0.0	0.00	104.6	17.2	14.0	7.8	0.000	3.191607522	0.7669030019	3.322	0.637
20151223	4.2988515965	3.627	7.9	4.8	1.01	1.01	0.0	0.00	105.6	5.8	15.5	7.8	0.000	3.5235796161	0.7752719804	3.618	0.681
20151224	4.7622698427	5.496	9.1	7.1	1.04	1.04	0.0	0.00	106.8	6.8	17.5	7.9	0.000	3.9793812152	0.7828886275	4.031	0.731
20151225	3.8733344693	3.355	0.0	3.7	1.27	1.27	0.0	0.00	105.5	0.0	13.6	8.0	0.000	3.0835138951	0.7898205742	3.279	0.594
20151226	3.1496191031	2.822	0.0	-0.1	1.48	1.48	0.0	0.00	104.1	0.0	10.4	8.1	0.000	2.3534897314	0.7961293717	2.667	0.483
20151227	2.5604788403	4.305	11.7	-1.5	0.74	0.74	6.6	1.00	103.3	0.0	7.7	8.1	0.000	1.7586078021	0.8018710382	2.168	0.392
20151228	2.0809471033	3.357	1.8	-8.5	0.00	0.69	7.6	1.00	103.3	0.0	5.6	8.2	0.000	1.2738505471	0.8070965562	1.762	0.319
20151229	1.6906839871	3.062	26.9	-8.4	0.00	0.26	22.8	1.00	103.3	0.0	3.9	8.2	0.000	0.8788316622	0.8118523249	1.432	0.259
20151230	1.3731193331	2.735	3.3	-4.0	0.00	1.10	24.6	1.00	103.3	0.0	2.5	8.3	0.000	0.5569387606	0.8161805725	1.163	0.210
20151231	1.1147544753	2.643	3.3	-1.4	0.00	0.60	26.5	1.00	103.3	0.0	1.3	8.3	0.000	0.2946347441	0.8201197312	0.945	0.170
20160101	0.9045932833	2.500	2.8	-3.1	0.00	0.77	28.1	1.00	103.3	0.0	0.4	8.3	0.000	0.0808885051	0.8237047782	0.767	0.138
20160102	0.7816659741	2.339	0.8	-4.5	0.00	0.84	28.5	1.00	103.3	0.0	0.0	7.9	0.000	0.000	0.7816659741	0.662	0.119
20160103	0.7113979105	2.225	1.8	-5.0	0.00	0.53	29.5	1.00	103.3	0.0	0.0	7.2	0.000	0.000	0.7113979105	0.603	0.108
20160104	0.6474466125	2.115	1.0	-13.8	0.00	0.76	30.1	1.00	103.3	0.0	0.0	6.6	0.000	0.000	0.6474466125	0.549	0.099
20160105	0.5892442329	2.022	0.3	-17.5	0.00	1.25	30.3	1.00	103.3	0.0	0.0	6.0	0.000	0.000	0.5892442329	0.499	0.090
20160106	0.5362739711	1.919	0.0	-10.3	0.00	0.64	30.3	1.00	103.3	0.0	0.0	5.4	0.000	0.000	0.5362739711	0.455	0.082
20160107	0.4880654847	1.800	0.0	-5.6	0.00	0.70	30.3	1.00	103.3	0.0	0.0	4.9	0.000	0.000	0.4880654847	0.414	0.074
20160108	0.4441907125	1.753	0.0	-5.2	0.00	0.85	30.3	1.00	103.3	0.0	0.0	4.5	0.000	0.000	0.4441907125	0.376	0.068
20160109	0.4042600742	1.727	0.0	-0.6	0.00	0.59	30.3	1.00	103.3	0.0	0.0	4.1	0.000	0.000	0.4042600742	0.343	0.062
20160110	4.6982764147	6.849	31.5	2.0	0.00	0.37	30.3	1.00	110.9	23.8	18.7	4.5	0.000	4.2530474827	0.445228932	4.098	0.600
20160111	3.7890338865	5.554	1.8	-5.9	0.00	1.44	31.4	1.00	110.9	0.0	14.6	4.9	0.000	3.3065190027	0.4825148837	3.304	0.485
20160112	3.0516610894	3.136	0.3	-7.2	0.00	0.35	31.5	1.00	110.9	0.0	11.2	5.2	0.000	2.5352120842	0.5164490053	2.660	0.391
20160113	2.4540222830	2.619	3.3	-13.2	0.00	1.53	33.4	1.00	110.9	0.0	8.4	5.5	0.000	1.9066896728	0.5473326102	2.138	0.316
20160114	1.9699593947	2.367	0.5	-13.2	0.00	0.87	33.7	1.00	110.9	0.0	6.1	5.8	0.000	1.3945194691	0.5754399256	1.716	0.254
20160115	1.5781828534	2.206	0.0	-9.7	0.00	0.73	33.7	1.00	110.9	0.0	4.3	6.1	0.000	0.9771623268	0.6010205266	1.374	0.204
20160116	1.2613679837	2.124	4.6	-2.6	0.00	0.51	36.3	1.00	110.9	0.0	2.8	6.3	0.000	0.6370664308	0.6243015529	1.097	0.164
20160117	1.0054188877	2.016	0.3	-7.1	0.00	1.26	36.4	1.00	110.9	0.0	1.6	6.5	0.000	0.3599291623	0.6454897254	0.874	0.131
20160118	0.7988687878	1.878	5.3	-11.7	0.00	0.40	39.4	1.00	110.9	0.0	0.6	6.7	0.000	0.1340956062	0.6647731817	0.694	0.105
20160119	0.6580761288	1.765	2.0	-15.4	0.00	0.67	40.5	1.00	110.9	0.0	0.0	6.7	0.000	0.000	0.6580761288	0.571	0.087
20160120	0.5989182061	1.637	1.3	-12.0	0.00	0.91	41.3	1.00	110.9	0.0	0.0	6.1	0.000	0.000	0.5989182061	0.520	0.079
20160121	0.5450783000	1.556	0.8	-13.8	0.00	0.90	41.7	1.00	110.9	0.0	0.0	5.5	0.000	0.000	0.5450783	0.473	0.072
20160122	0.4960783462	1.458	0.0	-11.8	0.00	1.01	41.7	1.00	110.9	0.0	0.0	5.0	0.000	0.000	0.4960783462	0.431	0.066
20160123	0.4514832557	1.383	0.0	-11.0	0.00	1.07	41.7	1.00	110.9	0.0	0.0	4.6	0.000	0.000	0.4514832557	0.392	0.060
20160124	0.4108970524	1.268	0.0	-10.1	0.00	0.98	41.7	1.00	110.9	0.0	0.0	4.2	0.000	0.000	0.4108970524	0.357	0.054
20160125	0.3739593563	1.172	0.0	-6.0	0.00	1.19	41.7	1.00	110.9	0.0	0.0	3.8	0.000	0.000	0.3739593563	0.325	0.049
20160126	0.3403421839	1.156	1.8	-1.8	0.00	0.78	42.7	1.00	110.9	0.0	0.0	3.4	0.000	0.000	0.3403421839	0.295	0.045
20160127	0.3097470358	1.149	0.8	-5.7	0.00	1.47	43.2	1.00	110.9	0.0	0.0	3.1	0.000	0.000	0.3097470358	0.269	0.041
20160128	0.2819022464	1.122	0.3	-6.9	0.00	1.33	43.4	1.00	110.9	0.0	0.0	2.9	0.000	0.000	0.2819022464	0.245	0.037
20160129	0.2565605715	1.065	0.0	-3.2	0.00	1.00	43.4	1.00	110.9	0.0	0.0	2.6	0.000	0.000	0.2565605715	0.223	0.034
20160130	0.2334969930	1.028	0.0	-4.9	0.00	1.16	43.4	1.00	110.9	0.0	0.0	2.4	0.000	0.000	0.233496993	0.203	0.031
20160131	0.2125067208	0.987	0.0	-0.2	0.00	0.95	43.4	1.00	110.9	0.0	0.0	2.2	0.000	0.000	0.2125067208	0.184	0.028
20160201	0.1934033745	1.314	0.0	2.1	0.00	0.76	43.4	1.00	110.9	0.0	0.0	2.0	0.000	0.000	0.1934033745	0.168	0.026
20160202	0.1760173285	1.256	0.0	-3.8	0.00	0.85	43.4	1.00	110.9	0.0	0.0	1.8	0.000	0.000	0.1760173285	0.153	0.023
20160203	0.1601942055	1.980	11.4	-1.8	0.00	0.43	49.8	1.00	110.9	0.0	0.0	1.6	0.000	0.000	0.1601942055	0.139	0.021
20160204	0.1457935062	2.251	0.5	1.2	0.00	0.93	50.1	1.00	110.9	0.0	0.0	1.5	0.000	0.000	0.1457935062	0.127	0.019
20160205	0.1326873615	1.600	0.3	-5.4	0.00	0.87	50.2	1.00	110.9	0.0	0.0	1.3	0.000	0.000	0.1326873615	0.115	0.018
20160206	0.1207593970	1.293	0.0	-5.5	0.00	0.98	50.2	1.00	110.9	0.0	0.0	1.2	0.000	0.000	0.120759397	0.105	0.016
20160207	0.1099037000	1.158	0.0	-3.7	0.00	0.48	50.2	1.00	110.9	0.0	0.0	1.1	0.000	0.000	0.1099037	0.095	0.015
20160208	0.1000238786	1.029	1.5	-7.1	0.00	0.79	51.1	1.00	110.9	0.0	0.0	1.0	0.000	0.000	0.1000238786	0.087	0.013
20160209	0.0910322064	0.916	3.3	-6.8	0.00	0.50	52.9	1.00	110.9	0.0	0.0	0.9	0.000	0.000	0.0910322064	0.079	0.012
20160210	0.0828488428	0.894	1.0	-4.8	0.00	0.54	53.5	1.00	110.9	0.0	0.0	0.8	0.000	0.000	0.0828488428	0.072	0.011
20160211	0.0754011248	0.871	1.0	-14.5	0.00	0.30	54.1	1.00	110.9	0.0	0.0	0.8	0.000	0.000	0.0754011248	0.065	0.010
20160212	0.0686229213	0.845	0.0	-16.6	0.00	0.35	54.1	1.00	110.9	0.0	0.0	0.7	0.000	0.000	0.0686229213	0.060	0.009
20160213	0.0624540461	0.838	1.3	-21.1	0.00	0.49	54.8	1.00	110.9	0.0	0.0	0.6	0.000	0.000	0.0624540461	0.054	0.008
20160214	0.0568397236	0.830	0.0	-25.3	0.00	0.67	54.8	1.00	110.9	0.0	0.0	0.6	0.000	0.000	0.0568397236	0.049	0.008
20160215	0.0517301020	0.823	0.0	-17.7	0.00	0.30	54.8	1.00	110.9	0.0	0.0	0.5	0.000	0.000	0.051730102	0.045	0.007
20160216	0.0470798112	3.469	29.7	-1.9	0.00	0.39	71.5	1.00	110.9	0.0	0.0	0.5	0.000	0.000	0.0470798112	0.041	0.006
20160217	0.0428475595	3.215	0.0	-4.7	0.00	1.21	71.5	1.00	110.9	0.0	0.0	0.4	0.000	0.000	0.0428475595	0.037	0.006
20160218	0.0389957671	1.557	0.0	-10.4	0.00	1.16	71.5	1.00	110.9	0.0	0.0	0.4	0.000	0.000	0.0389957671	0.034	0.005
20160219	0.0354902326	1.329	4.8	-8.5	0.00	1.58	74.2	1.00	110.9	0.0	0.0	0.4	0.000	0.000	0.0354902326	0.031	0.005
20160220	0.0322998290	1.221	11.2	-0.5	0.00	0.87	80.6	1.00	110.9	0.0	0.0	0.3	0.000	0.000	0.032299829	0.028	0.004
20160221	0.0293962276	1.322	2.3	-2.5	0.00	1.11	81.9	1.00	110.9	0.0	0.0	0.3	0.000	0.000	0.0293962276	0.026	0.004
20160222	0.0267536462	1.223	0.3	-10.1	0.00	1.45	82.0	1.00	110.9	0.0	0.0	0.3	0.000	0.000	0.0267536462	0.023	0.004
20160223	0.0243486203	1.108	0.0	-9.6	0.00	1.00	82.0	1.00	110.9	0.0	0.0	0.2	0.000	0.000	0.0243486203	0.021	0.003
20160224	0.0221597948	2.554	32.5	-1.9	0.00	0.34	100.3	1.00	110.9	0.0	0.0	0.2	0.000	0.000	0.0221597948	0.019	0.003
20160225	2.9554317348	13.910	28.7	1.6	0.00	0.41	109.1	1.00	114.5	16.3	12.6	1.0	0.000	2.8579540794	0.0974776554	2.623	0.332
20160226	2.3357103960	5.036	1.0	-9.5	0.00	1.30	109.7	1.00	114.5	0.0	9.6	1.7	0.000	2.1696855985	0.1660247975	2.073	0.263
20160227	1.8372394077	3.619	0.0	-8.6	0.00	1.37	109.7	1.00	114.5	0.0	7.1	2.3	0.000	1.608829531	0.2284098767	1.631	0.207
20160228	1.4369860957	3.085	1.0	1.4	0.00	1.26	110.7	1.00	114.5	0.0	5.1	2.9	0.000	1.1517992626	0.2851868331	1.275	0.162
20160229	1.6536619594	3.157	4.8	1.7	0.00	1.26	112.0	1.00	115.1	2.9	5.8	3.4	0.000	1.3168021489	0.3368598105	1.467	0.187
20160301	1.2977196863	2.891	0.3	-7.6	0.00	0.66	112.2	1.00	115.1	0.0	4.0	3.9	0.000	0.913832054	0.3838876323	1.151	0.146
20160302	1.0121477481	2.560	13.7	-7.6	0.00	0.59	119.9	1.00	115.1	0.0	2.6	4.3	0.000	0.5854598722	0.4266878759	0.898	0.114
20160303	0.7835166019	2.368	0.3	-14.5	0.00	0.69	120.1	1.00	115.1	0.0	1.4	4.7	0.000	0.3178760212	0.4656405807	0.695	0.088
20160304	0.6009189739	2.204	0.0	-13.0	0.00	0.48	120.1	1.00	115.1	0.0	0.4	5.1	0.000	0.0998273518	0.501091622	0.533	0.068
20160305	0.4955484918	1.984	0.0	-10.4	0.00	0.90	120.1	1.00	115.1	0.0	0.0	5.0	0.000	0.000	0.4955484918	0.440	0.056
20160306	0.4510010328	1.821	0.0	-5.6	0.00	0.94	120.1	1.00	115.1	0.0	0.0	4.6	0.000	0.000	0.4510010328	0.400	0.051
20160307	0.4104581790	1.791	2.8	-3.1	0.00	0.21	121.7	1.00	115.1	0.0	0.0	4.2	0.000	0.000	0.410458179	0.364	0.046
20160308	0.3735599355	1.792	0.0	3.1	0.00	1.15	121.7	1.00	115.1	0.0	0.0	3.8	0.000	0.000	0.3735599355	0.331	0.042
20160309	4.6437498538	3.496	0.0	8.8	0.00	1.18	94.3	1.00	118.7	23.7	18.6	4.2	0.000	4.2264612636	0.4172885901	3.384	1.260
20160310	8.3403770402	9.592	15.5	4.1	0.00	0.54	82.3	1.00	121.4	24.8	34.7	4.6	0.000	7.8832907941	0.4570862461	5.792	2.549
20160311	6.7580371516	8.586	1.5	-0.8	0.00	0.70	83.1	1.00	121.4	0.0	27.6	5.0	0.000	6.26473087	0.4933062816	4.699	2.059
20160312	6.8581567715	6.622	0.0	3.3	0.00	1.08	75.0	1.00	122.1	7.5	27.9	5.3	0.000	6.3318864639	0.5262703076	4.694	2.165
20160313	6.4602287883	6.679	0.0	2.5	0.00	1.41	69.7	1.00	122.5	4.9	26.0	5.6	0.000	5.9039577642	0.5562710241	4.365	2.095
20160314	5.2353872265	5.417	4.8	-1.4	0.00	0.45	72.4	1.00	122.5	0.0	20.5	5.9	0.000	4.6518124081	0.5835748184	3.543	1.692
20160315	5.8159978969	5.389	1.3	3.3	0.00	0.27	64.6	1.00	123.1	8.5	22.9	6.2	0.000	5.2075737657	0.6084241312	3.793	2.023
20160316	10.7465955869	7.689	5.8	7.0	0.00	1.05	40.3	1.00	124.7	28.5	40.4	6.4	0.7578204899	9.3577354885	0.6310396086	6.183	4.563
20160317	13.1218784662	8.940	1.3	5.7	0.00	0.99	21.7	1.00	125.5	19.1	46.2	6.6	1.6085168297	10.8617395748	0.6516220618	7.046	6.076
20160318	9.2771276217	6.288	1.8	-2.7	0.00	0.98	22.7	1.00	125.5	0.0	36.7	6.8	0.2127338084	8.3940395632	0.6703542501	5.004	4.273
20160319	7.3289508880	5.130	0.5	-6.2	0.00	1.17	23.0	1.00	125.5	0.0	29.2	7.0	0.000	6.6415483845	0.6874025035	3.965	3.364
20160320	5.9557782895	4.577	0.0	-4.3	0.00	1.31	23.0	1.00	125.5	0.0	23.1	7.1	0.000	5.2528600897	0.7029181998	3.231	2.725
20160321	4.8382851876	4.244	0.0	-1.1	0.00	1.21	23.0	1.00	125.5	0.0	18.1	7.3	0.000	4.121246079	0.7170391086	2.633	2.205
20160322	3.9290073187	3.701	0.0	-2.4	0.00	1.13	23.0	1.00	125.5	0.0	14.1	7.4	0.000	3.199116704	0.7298906147	2.146	1.783
20160323	3.1892789540	3.568	1.5	0.0	0.00	0.99	23.8	1.00	125.5	0.0	10.8	7.5	0.000	2.4476921227	0.7415868313	1.748	1.441
20160324	2.5876030395	3.266	4.1	-3.1	0.00	0.38	26.1	1.00	125.5	0.0	8.1	7.6	0.000	1.8353714259	0.7522316136	1.425	1.163
20160325	2.0983231522	3.635	5.8	-0.2	0.00	0.43	29.4	1.00	125.5	0.0	5.9	7.7	0.000	1.3364036719	0.7619194804	1.161	0.937
20160326	1.7005413926	3.523	0.0	1.2	0.00	1.24	29.4	1.00	125.5	0.0	4.1	7.8	0.000	0.9298049387	0.7707364539	0.946	0.755
20160327	3.1944695452	3.342	0.0	4.4	0.00	0.50	19.2	1.00	125.9	9.8	10.6	7.9	0.000	2.4157087219	0.7787608233	1.532	1.663
20160328	5.1676250120	4.481	13.7	1.4	0.00	0.26	18.6	1.00	126.3	13.9	19.3	8.0	0.000	4.381561172	0.78606384	2.437	2.730
20160329	4.2039525595	4.507	4.1	-2.0	0.00	0.93	20.9	1.00	126.3	0.0	15.0	8.0	0.000	3.4112422095	0.7927103501	1.991	2.213
20160330	3.4193082781	3.464	0.0	1.4	0.00	1.91	20.9	1.00	126.3	0.0	11.5	8.1	0.000	2.6205489077	0.7987593704	1.627	1.792
20160331	6.5644942752	3.409	0.0	7.2	0.00	1.40	0.0	0.00	126.8	20.4	25.4	8.1	0.000	5.7602296626	0.8042646126	2.850	3.715
20160401	9.5758569052	7.248	21.8	7.6	0.60	0.60	0.0	0.00	126.6	21.4	37.1	8.2	0.2704687829	8.4961131628	0.8092749596	4.385	5.191
20160402	7.9439077737	5.250	2.3	2.7	0.74	0.74	0.0	0.00	125.9	2.2	31.4	8.2	0.000	7.1300728736	0.8138349001	3.661	4.283
20160403	6.4689337411	4.035	1.3	-6.6	1.20	1.20	0.7	1.00	124.7	0.0	24.9	8.3	0.000	5.6509488175	0.8179849236	2.986	3.483
20160404	5.2674024132	3.379	0.0	-8.6	0.00	0.39	0.7	1.00	124.7	0.0	19.6	8.3	0.000	4.4456405334	0.8217618797	2.436	2.831
20160405	4.2886584907	3.052	0.0	-7.8	0.00	0.79	0.7	1.00	124.7	0.0	15.2	8.4	0.000	3.4634591853	0.8251993054	1.988	2.301
20160406	3.4914271882	2.841	3.8	-3.6	0.00	0.60	2.9	1.00	124.7	0.0	11.7	8.4	0.000	2.6630994655	0.8283277227	1.622	1.870
20160407	6.0153000503	4.811	15.0	2.8	0.00	0.22	0.0	0.00	125.4	17.1	22.8	8.4	0.000	5.1841251401	0.8311749103	3.035	2.980
20160408	4.8990015075	5.221	8.4	-1.8	0.75	0.75	4.7	1.00	124.7	0.0	17.9	8.4	0.000	4.0652353584	0.8337661491	2.471	2.428
20160409	3.9895991483	3.752	0.5	-3.8	0.00	1.57	5.0	1.00	124.7	0.0	13.9	8.5	0.000	3.1534747004	0.8361244479	2.012	1.978
20160410	3.2487701236	3.241	0.5	-4.4	0.00	1.86	5.3	1.00	124.7	0.0	10.6	8.5	0.000	2.4104993769	0.8382707468	1.638	1.611
20160411	2.6452879130	3.349	7.6	-0.1	0.00	1.22	9.6	1.00	124.7	0.0	7.9	8.5	0.000	1.8050638094	0.8402241036	1.333	1.312
20160412	5.2750184488	6.278	13.7	2.4	0.00	0.54	5.7	1.00	125.4	16.9	19.5	8.5	0.000	4.433016586	0.8420018629	2.853	2.422
20160413	4.7235879765	3.992	0.3	1.8	0.00	1.57	3.6	1.00	125.5	2.3	17.1	8.5	0.000	3.8799681665	0.84361981	2.560	2.164
20160414	4.4905825925	3.437	0.0	3.2	0.00	1.95	0.0	0.00	125.6	3.5	16.0	8.6	0.000	3.6454902811	0.8450923114	2.433	2.057
20160415	3.6578653664	3.153	0.0	5.3	2.10	2.10	0.0	0.00	123.5	0.0	12.4	8.6	0.000	2.8114329245	0.8464324419	1.979	1.679
20160416	2.9794285512	2.927	0.0	7.0	2.40	2.40	0.0	0.00	121.1	0.0	9.4	8.6	0.000	2.1317764502	0.847652101	1.609	1.370
20160417	2.4267002511	2.740	0.0	10.8	2.57	2.57	0.0	0.00	118.5	0.0	6.9	8.6	0.000	1.5779381325	0.8487621186	1.308	1.118
20160418	2.5667048291	2.715	3.6	10.4	2.28	2.28	0.0	0.00	116.7	3.2	7.6	8.6	0.000	1.7169324783	0.8497723508	1.394	1.173
20160419	3.7330207056	4.629	10.2	6.7	1.35	1.35	0.0	0.00	116.7	8.9	12.7	8.6	0.000	2.8823289377	0.850691768	2.109	1.624
20160420	3.0410767116	3.092	0.0	5.4	1.83	1.83	0.0	0.00	114.8	0.0	9.6	8.6	0.000	2.1895481777	0.8515285339	1.714	1.327
20160421	2.4773052236	2.674	0.0	10.2	1.76	1.76	0.0	0.00	113.1	0.0	7.2	8.6	0.000	1.6250151451	0.8522900785	1.393	1.084
20160422	2.2465536647	2.642	1.5	14.9	1.26	1.26	0.0	0.00	112.1	1.2	6.1	8.6	0.000	1.3935705008	0.8529831639	1.268	0.978
20160423	1.9051186165	2.532	0.5	4.9	2.25	2.25	0.0	0.00	109.9	0.4	4.6	8.6	0.000	1.0515046724	0.8536139442	1.075	0.830
20160424	1.5518345253	2.301	0.0	3.5	2.32	2.32	0.0	0.00	107.6	0.0	3.1	8.6	0.000	0.697646505	0.8541880203	0.873	0.679
20160425	1.2640051294	2.157	0.0	3.5	1.46	1.46	0.0	0.00	106.1	0.0	1.8	8.7	0.000	0.4092946397	0.8547104897	0.708	0.556
20160426	1.0295085271	2.213	8.1	0.2	0.33	0.33	4.6	1.00	105.8	0.0	0.8	8.7	0.000	0.1743225355	0.8551859916	0.574	0.455
20160427	0.8472899077	2.759	0.5	1.0	0.00	1.39	4.8	1.00	105.8	0.0	0.0	8.6	0.000	0.000	0.8472899077	0.471	0.377
20160428	0.7711225637	2.361	0.0	1.1	0.00	2.27	4.8	1.00	105.8	0.0	0.0	7.8	0.000	0.000	0.7711225637	0.428	0.343
20160429	1.2915533773	2.071	0.0	4.6	0.00	2.26	0.0	0.00	107.0	3.6	2.3	7.9	0.000	0.5124411536	0.7791122237	0.730	0.562
20160430	1.0447581951	1.902	0.0	7.3	2.08	2.08	0.0	0.00	104.9	0.0	1.1	8.0	0.000	0.258374544	0.7863836511	0.589	0.456
20160501	1.7231522453	2.001	6.4	6.4	0.81	0.81	0.0	0.00	105.8	4.7	4.1	8.0	0.000	0.9301508336	0.7930014117	1.001	0.723
20160502	3.5125931951	3.685	15.0	4.2	0.46	0.46	0.0	0.00	108.9	11.4	11.9	8.1	0.000	2.7135689281	0.799024267	2.180	1.332
20160503	2.8996732571	2.943	0.3	5.1	1.36	1.36	0.0	0.00	107.6	0.2	9.2	8.1	0.000	2.0951675609	0.8045056962	1.796	1.104
20160504	2.3576006598	2.463	0.0	5.2	1.64	1.64	0.0	0.00	105.9	0.0	6.8	8.2	0.000	1.5481062889	0.8094943709	1.456	0.902
20160505	1.9163517079	2.270	0.0	8.3	0.94	0.94	0.0	0.00	105.0	0.0	4.9	8.2	0.000	1.1023171205	0.8140345874	1.179	0.737
20160506	1.5572192015	1.994	0.0	12.7	1.66	1.66	0.0	0.00	103.4	0.0	3.3	8.3	0.000	0.7390525415	0.81816666	0.954	0.603
20160507	1.2649628605	1.875	0.0	13.0	1.15	1.15	0.0	0.00	102.2	0.0	2.0	8.3	0.000	0.4430355816	0.8219272788	0.772	0.493
20160508	3.6853341497	3.494	19.6	4.1	0.82	0.82	0.0	0.00	106.6	14.4	12.6	8.4	0.000	2.8599843138	0.8253498359	2.498	1.187
20160509	3.0694373521	2.563	0.5	2.3	1.58	1.58	0.0	0.00	105.2	0.4	9.9	8.4	0.000	2.2409726308	0.8284647213	2.075	0.994
20160510	2.4982194854	2.120	0.0	6.9	2.74	2.74	0.0	0.00	102.4	0.0	7.3	8.4	0.000	1.6669198921	0.8312995933	1.682	0.816
20160511	2.0330155469	1.923	0.0	9.7	3.02	3.02	0.0	0.00	99.4	0.0	5.3	8.4	0.000	1.1991359232	0.8338796237	1.363	0.670
20160512	1.6541759477	1.807	0.0	14.9	3.24	3.24	0.0	0.00	96.2	0.0	3.6	8.5	0.000	0.817948226	0.8362277217	1.103	0.551
20160513	2.7792448559	2.636	11.7	14.3	1.60	1.60	0.0	0.00	98.5	7.7	8.5	8.5	0.000	1.9408801192	0.8383647367	1.951	0.828
20160514	3.5126572971	2.615	9.9	13.1	1.83	1.83	0.0	0.00	99.9	6.8	11.8	8.5	0.000	2.6723476528	0.8403096443	2.535	0.977
20160515	4.3989153926	4.502	11.9	4.6	0.95	0.95	0.0	0.00	102.5	8.3	15.7	8.5	0.000	3.5568356788	0.8420797139	3.270	1.129
20160516	3.5828807444	3.117	4.3	1.0	2.19	2.19	2.4	1.00	100.3	0.0	12.1	8.5	0.000	2.7391900818	0.8436906626	2.655	0.928
20160517	3.2266562079	2.596	0.0	6.2	0.00	3.44	0.0	0.00	101.1	1.7	10.5	8.6	0.000	2.3814994133	0.8451567947	2.393	0.834
20160518	2.6279234539	2.360	0.0	8.0	4.01	4.01	0.0	0.00	97.1	0.0	7.8	8.6	0.000	1.7814323255	0.8464911284	1.942	0.686
20160519	2.6390917714	2.355	4.1	11.3	2.39	2.39	0.0	0.00	96.1	2.7	7.9	8.6	0.000	1.7913862595	0.8477055119	1.964	0.675
20160520	2.1850132127	2.305	0.3	12.5	3.39	3.39	0.0	0.00	92.8	0.2	5.9	8.6	0.000	1.3362024846	0.8488107281	1.622	0.563
20160521	1.7794575858	2.031	0.0	14.4	2.86	2.86	0.0	0.00	89.9	0.0	4.1	8.6	0.000	0.9296409953	0.8498165906	1.315	0.464
20160522	1.9717093020	1.966	4.8	15.5	1.40	1.40	0.0	0.00	90.5	2.8	4.9	8.6	0.000	1.1209772712	0.8507320308	1.479	0.493
20160523	1.6058234982	1.738	0.0	12.0	3.32	3.32	0.0	0.00	87.2	0.0	3.3	8.6	0.000	0.7542583209	0.8515651772	1.200	0.406
20160524	1.3897221654	1.604	0.8	16.3	1.74	1.74	0.0	0.00	85.8	0.4	2.4	8.6	0.000	0.5373987376	0.8523234278	1.037	0.353
20160525	1.1617247157	1.513	0.3	17.8	2.24	2.24	0.0	0.00	83.7	0.2	1.4	8.6	0.000	0.3087112005	0.8530135152	0.864	0.298
20160526	0.9460006918	1.334	0.0	17.9	2.73	2.73	0.0	0.00	81.0	0.0	0.4	8.6	0.000	0.0923591248	0.8536415671	0.699	0.247
20160527	1.0757953664	1.211	3.3	21.3	2.72	2.72	0.0	0.00	79.9	1.7	1.0	8.6	0.000	0.2215822064	0.85421316	0.809	0.266
20160528	0.8760928388	1.060	0.0	22.8	3.53	3.53	0.0	0.00	76.4	0.0	0.1	8.7	0.000	0.0213594693	0.8547333695	0.654	0.222
20160529	0.8270205591	0.969	1.0	21.1	1.31	1.31	0.0	0.00	75.6	0.5	0.0	8.4	0.000	0.000	0.8270205591	0.620	0.207
20160530	0.9041421648	1.100	2.8	19.6	1.68	1.68	0.0	0.00	75.5	1.3	0.3	8.4	0.000	0.0741569104	0.8299852544	0.687	0.217
20160531	0.8577599226	0.970	1.5	18.1	3.02	3.02	0.0	0.00	73.3	0.7	0.1	8.4	0.000	0.0250764849	0.8326834377	0.654	0.204
20160601	0.7677521490	0.807	0.0	16.9	4.97	4.97	0.0	0.00	68.3	0.0	0.0	7.8	0.000	0.000	0.767752149	0.584	0.183
20160602	0.6987348722	0.697	0.0	17.8	4.00	4.09	0.0	0.00	64.3	0.0	0.0	7.1	0.000	0.000	0.6987348722	0.532	0.167
20160603	0.6672256671	0.686	1.0	18.2	3.02	3.26	0.0	0.00	61.9	0.3	0.0	6.8	0.000	0.000	0.6672256671	0.510	0.158
20160604	0.6072452443	0.582	0.0	17.8	3.38	3.81	0.0	0.00	58.6	0.0	0.0	6.1	0.000	0.000	0.6072452443	0.464	0.143
20160605	5.1701391758	6.100	56.9	14.7	0.78	0.78	0.0	0.00	89.3	25.4	20.0	6.4	0.000	4.5401724778	0.629966698	4.614	0.556
20160606	4.2974347305	3.323	1.0	15.8	2.92	2.92	0.0	0.00	86.8	0.6	16.1	6.6	0.000	3.6467891297	0.6506456008	3.829	0.469
20160607	3.5328645191	1.761	0.5	15.3	4.05	4.05	0.0	0.00	83.0	0.3	12.6	6.8	0.000	2.8633989508	0.6694655683	3.141	0.391
20160608	2.9845565919	1.497	1.3	9.7	5.54	5.54	0.0	0.00	78.1	0.7	10.1	7.0	0.000	2.2979628819	0.68659371	2.650	0.335
20160609	2.7049080877	1.494	3.3	6.3	3.05	3.05	0.0	0.00	76.8	1.6	8.8	7.1	0.000	2.0027259747	0.702182113	2.403	0.302
20160610	2.2144687734	1.334	0.3	9.3	4.67	4.67	0.0	0.00	72.3	0.1	6.6	7.3	0.000	1.4980995809	0.7163691925	1.963	0.252
20160611	1.8524233009	1.261	0.8	9.1	3.80	3.80	0.0	0.00	68.9	0.3	4.9	7.4	0.000	1.12314238	0.7292809209	1.638	0.214
20160612	1.7001385374	1.317	2.8	9.7	4.86	4.86	0.0	0.00	65.8	1.1	4.2	7.5	0.000	0.9591065913	0.7410319461	1.506	0.194
20160613	2.1157098026	2.320	10.4	10.4	4.63	4.68	0.0	0.00	67.5	4.0	6.0	7.6	0.000	1.3639831927	0.7517266099	1.902	0.214
20160614	1.7137388067	1.758	0.0	12.6	6.11	6.32	0.0	0.00	61.4	0.0	4.2	7.7	0.000	0.9522789326	0.7614598741	1.536	0.178
20160615	1.4051342872	1.105	0.3	15.9	5.26	5.96	0.0	0.00	56.4	0.1	2.8	7.8	0.000	0.6348161232	0.7703181641	1.256	0.149
20160616	1.1364755679	0.865	0.0	16.6	3.00	3.72	0.0	0.00	53.4	0.0	1.6	7.9	0.000	0.3580954321	0.7783801357	1.012	0.125
20160617	0.9183187109	0.704	0.0	16.2	4.03	5.27	0.0	0.00	49.3	0.0	0.6	8.0	0.000	0.1326013365	0.7857173744	0.814	0.104
20160618	0.7675567156	0.610	0.0	17.3	3.27	4.63	0.0	0.00	46.1	0.0	0.0	7.8	0.000	0.000	0.7675567156	0.678	0.089
20160619	0.6985570074	0.522	0.0	19.1	3.01	4.57	0.0	0.00	43.0	0.0	0.0	7.1	0.000	0.000	0.6985570074	0.617	0.081
20160620	0.6357600457	0.444	0.0	21.6	3.45	5.59	0.0	0.00	39.6	0.0	0.0	6.4	0.000	0.000	0.6357600457	0.562	0.074
20160621	0.6347468281	0.435	3.6	15.9	2.93	4.97	0.0	0.00	39.6	0.6	0.0	6.4	0.000	0.000	0.6347468281	0.564	0.071
20160622	0.8575499840	0.963	10.2	12.2	2.23	3.56	0.0	0.00	45.7	2.0	0.9	6.6	0.000	0.2025539641	0.6549960199	0.779	0.079
20160623	0.6984033853	0.691	0.5	14.6	2.77	4.22	0.0	0.00	43.3	0.1	0.1	6.8	0.000	0.0249784799	0.6734249054	0.631	0.068
20160624	0.6279081630	0.455	0.3	15.6	3.06	4.93	0.0	0.00	40.5	0.1	0.0	6.4	0.000	0.000	0.627908163	0.567	0.061
20160625	0.5714621974	0.358	0.0	17.6	3.26	5.62	0.0	0.00	37.2	0.0	0.0	5.8	0.000	0.000	0.5714621974	0.516	0.056
20160626	0.5200904563	0.298	0.0	20.3	2.90	5.45	0.0	0.00	34.3	0.0	0.0	5.3	0.000	0.000	0.5200904563	0.469	0.051
20160627	0.4733367910	0.269	0.0	19.1	1.74	3.55	0.0	0.00	32.6	0.0	0.0	4.8	0.000	0.000	0.473336791	0.427	0.046
20160628	3.0599136383	3.820	54.6	20.2	2.77	3.68	0.0	0.00	69.7	14.6	11.2	5.1	0.000	2.5518176587	0.5080959796	2.969	0.091
20160629	2.9591692665	2.979	6.6	17.6	2.80	2.80	0.0	0.00	70.8	2.7	10.7	5.5	0.000	2.4194387846	0.5397304819	2.874	0.085
20160630	2.4032758538	1.099	0.3	17.5	4.28	4.28	0.0	0.00	66.7	0.1	8.1	5.8	0.000	1.8347546612	0.5685211926	2.331	0.072
20160701	2.9737781808	1.314	14.0	17.4	3.87	3.87	0.0	0.00	71.2	5.6	10.5	6.0	0.000	2.3790544259	0.5947237549	2.898	0.076
20160702	2.4962089635	1.384	1.3	12.2	5.70	5.70	0.0	0.00	66.3	0.5	8.3	6.3	0.000	1.8776381324	0.6185708311	2.431	0.065
20160703	2.0111201246	0.835	0.0	14.7	7.20	7.57	0.0	0.00	59.1	0.0	6.0	6.5	0.000	1.3708459563	0.6402741683	1.956	0.055
20160704	1.6178977383	0.568	0.0	18.0	6.18	7.29	0.0	0.00	52.9	0.0	4.2	6.7	0.000	0.9578712599	0.6600264784	1.571	0.047
20160705	1.2993496800	0.459	0.0	19.2	5.69	7.50	0.0	0.00	47.2	0.0	2.7	6.9	0.000	0.6213465305	0.6780031495	1.260	0.040
20160706	1.0414831365	0.367	0.0	20.8	4.59	6.78	0.0	0.00	42.7	0.0	1.5	7.0	0.000	0.3471193334	0.6943638032	1.008	0.034
20160707	1.0272830395	0.558	5.3	21.9	2.95	4.60	0.0	0.00	43.9	1.0	1.4	7.2	0.000	0.3180293279	0.7092537116	0.996	0.031
20160708	0.8227573663	0.531	0.0	18.5	2.41	3.83	0.0	0.00	41.5	0.0	0.4	7.3	0.000	0.0999522783	0.722805088	0.796	0.027
20160709	1.5022672952	1.310	19.8	14.5	2.79	3.97	0.0	0.00	54.0	4.6	3.4	7.4	0.000	0.7671290353	0.7351382599	1.472	0.031
20160710	1.5020226667	1.557	5.6	13.9	3.13	3.90	0.0	0.00	54.9	1.6	3.3	7.6	0.000	0.7556599286	0.7463627381	1.473	0.029
20160711	1.2896019401	0.989	1.5	16.3	4.30	5.42	0.0	0.00	51.7	0.4	2.3	7.7	0.000	0.5330237512	0.7565781889	1.264	0.025
20160712	1.0410222057	0.587	0.0	18.2	4.88	6.59	0.0	0.00	46.8	0.0	1.2	7.8	0.000	0.2751468865	0.7658753192	1.019	0.022
20160713	0.8393449256	0.423	0.0	20.7	2.75	4.10	0.0	0.00	44.0	0.0	0.3	7.8	0.000	0.065008244	0.7743366816	0.820	0.019
20160714	1.2606149828	1.181	13.7	21.2	1.20	1.69	0.0	0.00	53.4	3.2	2.1	7.9	0.000	0.4785775752	0.7820374076	1.240	0.020
20160715	1.1080162172	0.906	1.8	20.1	3.84	4.96	0.0	0.00	50.9	0.5	1.4	8.0	0.000	0.3189703423	0.7890458749	1.090	0.018
20160716	0.9096710316	0.570	0.3	18.0	4.46	6.11	0.0	0.00	46.6	0.1	0.5	8.1	0.000	0.1142467174	0.7954243142	0.894	0.016
20160717	0.7691279507	0.428	0.0	19.4	3.13	4.68	0.0	0.00	43.5	0.0	0.0	7.8	0.000	0.000	0.7691279507	0.755	0.014
20160718	0.9265297884	0.633	7.9	19.4	3.51	5.25	0.0	0.00	46.2	1.7	0.7	7.9	0.000	0.1492328715	0.7772969169	0.913	0.014
20160719	0.7721537907	0.613	0.3	13.6	4.14	6.23	0.0	0.00	42.3	0.1	0.0	7.8	0.000	0.000	0.7721537907	0.760	0.012
20160720	0.7077059142	0.380	0.3	14.8	3.68	6.04	0.0	0.00	38.9	0.1	0.0	7.2	0.000	0.000	0.7077059142	0.696	0.011
20160721	0.6440865092	0.275	0.0	17.9	3.97	7.11	0.0	0.00	34.9	0.0	0.0	6.5	0.000	0.000	0.6440865092	0.634	0.010
20160722	1.3701269626	0.601	23.6	21.6	3.63	5.71	0.0	0.00	50.2	4.7	3.1	6.7	0.000	0.7066308547	0.6634961079	1.359	0.011
20160723	2.6425148836	4.040	26.9	18.9	4.65	5.45	0.0	0.00	64.1	8.3	8.6	6.9	0.000	1.9613540078	0.6811608758	2.630	0.013
20160724	2.1555567506	1.577	0.3	17.2	4.06	4.41	0.0	0.00	60.3	0.1	6.4	7.1	0.000	1.4583190858	0.6972376648	2.144	0.011
20160725	1.7410205711	0.897	0.0	18.4	3.79	4.39	0.0	0.00	56.5	0.0	4.5	7.2	0.000	1.0291513443	0.7118692268	1.731	0.010
20160726	1.4204811634	0.690	0.3	19.1	4.66	5.75	0.0	0.00	52.0	0.1	3.1	7.3	0.000	0.6952956827	0.7251854807	1.412	0.008
20160727	1.1586846880	0.491	0.3	20.4	3.64	4.87	0.0	0.00	48.6	0.1	1.9	7.5	0.000	0.4213800214	0.7373046666	1.151	0.007
20160728	0.9325050638	0.399	0.0	20.5	4.54	6.51	0.0	0.00	44.1	0.0	0.8	7.6	0.000	0.1841706687	0.7483343951	0.926	0.007
20160729	0.7539407626	0.343	0.0	18.9	3.19	5.05	0.0	0.00	40.9	0.0	0.0	7.6	0.000	0.000	0.7539407626	0.748	0.006
20160730	0.6861650640	0.270	0.0	16.7	4.26	7.27	0.0	0.00	36.6	0.0	0.0	6.9	0.000	0.000	0.686165064	0.681	0.005
20160731	0.6244820792	0.238	0.0	16.6	1.64	3.12	0.0	0.00	35.0	0.0	0.0	6.3	0.000	0.000	0.6244820792	0.620	0.005
20160801	1.7147855735	2.084	30.5	14.8	2.69	4.00	0.0	0.00	56.2	6.6	4.7	6.5	0.000	1.0691315502	0.6456540232	1.709	0.005
20160802	1.3769330012	0.970	0.0	17.0	3.57	4.43	0.0	0.00	52.6	0.0	3.1	6.7	0.000	0.7120102913	0.6649227099	1.372	0.005
20160803	1.1034586318	0.535	0.0	18.0	4.82	6.39	0.0	0.00	47.8	0.0	1.9	6.9	0.000	0.4209993988	0.682459233	1.099	0.004
20160804	0.8822798129	0.368	0.0	18.8	3.98	5.81	0.0	0.00	43.8	0.0	0.8	7.1	0.000	0.183860507	0.6984193059	0.879	0.004
20160805	0.7083900693	0.267	0.0	20.7	2.65	4.22	0.0	0.00	41.2	0.0	0.0	7.2	0.000	0.000	0.7083900693	0.705	0.003
20160806	0.6494663845	0.226	0.3	19.6	3.67	6.21	0.0	0.00	37.7	0.1	0.0	6.6	0.000	0.000	0.6494663845	0.647	0.003
20160807	0.6267625337	0.195	2.5	16.7	3.00	5.39	0.0	0.00	36.8	0.4	0.0	6.3	0.000	0.000	0.6267625337	0.624	0.003
20160808	0.5704195547	0.163	0.0	16.7	3.43	6.51	0.0	0.00	33.4	0.0	0.0	5.8	0.000	0.000	0.5704195547	0.568	0.002
20160809	0.5191415422	0.125	0.0	16.7	3.08	6.43	0.0	0.00	30.3	0.0	0.0	5.3	0.000	0.000	0.5191415422	0.517	0.002
20160810	0.4724731799	0.139	0.0	18.5	1.78	4.09	0.0	0.00	28.5	0.0	0.0	4.8	0.000	0.000	0.4724731799	0.470	0.002
20160811	0.4300000819	0.121	0.0	22.1	2.16	5.28	0.0	0.00	26.4	0.0	0.0	4.4	0.000	0.000	0.4300000819	0.428	0.002
20160812	0.4525960528	0.190	6.6	23.1	1.38	3.28	0.0	0.00	30.9	0.7	0.0	4.6	0.000	0.000	0.4525960528	0.451	0.002
20160813	0.6432359122	0.456	11.9	19.7	1.72	3.34	0.0	0.00	39.4	1.7	0.7	5.0	0.000	0.1540161769	0.4892197353	0.642	0.002
20160814	0.5351942345	0.533	1.5	21.1	2.51	4.38	0.0	0.00	38.1	0.3	0.1	5.3	0.000	0.012643112	0.5225511225	0.534	0.002
20160815	0.4805792544	0.246	0.0	18.6	2.44	4.47	0.0	0.00	35.7	0.0	0.0	4.9	0.000	0.000	0.4805792544	0.479	0.001
20160816	2.4238124071	1.591	43.4	16.9	3.02	4.06	0.0	0.00	64.9	11.2	8.4	5.2	0.000	1.9091250273	0.5146873798	2.422	0.002
20160817	3.1704575795	6.765	16.8	17.6	3.74	3.74	0.0	0.00	71.3	6.6	11.6	5.5	0.000	2.6247282329	0.5457293466	3.169	0.002
20160818	2.6291156000	1.217	1.0	18.6	2.46	2.46	0.0	0.00	69.5	0.4	9.0	5.8	0.000	2.0551348122	0.5739807877	2.628	0.001
20160819	2.1151769699	0.748	0.0	18.0	5.39	5.41	0.0	0.00	64.1	0.0	6.7	6.1	0.000	1.5154844116	0.5996925583	2.114	0.001
20160820	1.6988271750	0.514	0.0	18.1	5.21	5.67	0.0	0.00	58.9	0.0	4.7	6.3	0.000	1.0757342123	0.6230929627	1.698	0.001
20160821	2.5519947101	0.680	18.3	19.1	4.61	4.97	0.0	0.00	66.1	6.4	8.4	6.5	0.000	1.9076049284	0.6443897817	2.551	0.001
20160822	2.8450597221	3.195	10.9	12.9	4.73	4.75	0.0	0.00	68.1	4.2	9.6	6.7	0.000	2.1812876045	0.6637721177	2.844	0.001
20160823	2.2996958446	0.995	0.0	14.5	5.44	5.58	0.0	0.00	62.6	0.0	7.1	6.9	0.000	1.618283771	0.6814120736	2.299	0.001
20160824	1.8569696127	0.659	0.0	18.3	4.44	4.95	0.0	0.00	58.2	0.0	5.1	7.1	0.000	1.1595033316	0.6974662811	1.856	0.001
20160825	1.4977297201	0.537	0.0	19.2	3.29	3.94	0.0	0.00	54.9	0.0	3.5	7.2	0.000	0.7856524286	0.7120772916	1.497	0.001
20160826	1.2063837287	0.459	0.0	19.9	3.34	4.24	0.0	0.00	51.6	0.0	2.1	7.3	0.000	0.4810088873	0.7253748414	1.206	0.001
20160827	0.9702380304	0.361	0.0	18.8	3.76	5.09	0.0	0.00	47.8	0.0	1.0	7.5	0.000	0.2327610257	0.7374770047	0.970	0.001
20160828	0.9536449673	0.363	4.1	19.6	3.83	5.42	0.0	0.00	47.1	0.9	0.9	7.6	0.000	0.2051537265	0.7484912408	0.953	0.001
20160829	0.7785260281	0.363	0.3	16.5	2.75	4.06	0.0	0.00	44.6	0.1	0.1	7.7	0.000	0.0200106787	0.7585153494	0.778	0.000
20160830	0.6982468325	0.285	0.0	16.4	3.07	4.80	0.0	0.00	41.5	0.0	0.0	7.1	0.000	0.000	0.6982468325	0.698	0.000
20160831	1.4142252450	1.028	20.1	17.6	2.31	3.27	0.0	0.00	54.7	4.6	3.1	7.2	0.000	0.70143757	0.712787675	1.414	0.000
20160901	1.1887378531	0.813	1.0	15.9	4.63	5.87	0.0	0.00	50.8	0.3	2.0	7.4	0.000	0.4627164883	0.7260213648	1.188	0.000
20160902	0.9559203283	0.455	0.0	14.6	4.08	5.60	0.0	0.00	46.7	0.0	1.0	7.5	0.000	0.2178549196	0.7380654087	0.956	0.000
20160903	0.7673489288	0.329	0.0	14.1	1.95	2.92	0.0	0.00	44.7	0.0	0.1	7.6	0.000	0.0183221787	0.7490267501	0.767	0.000
20160904	0.6889430578	0.261	0.0	15.6	3.13	4.88	0.0	0.00	41.6	0.0	0.0	7.0	0.000	0.000	0.6889430578	0.689	0.000
20160905	0.6270103445	0.213	0.0	17.1	1.85	3.10	0.0	0.00	39.8	0.0	0.0	6.3	0.000	0.000	0.6270103445	0.627	0.000
20160906	0.5706450885	0.176	0.0	18.3	1.29	2.26	0.0	0.00	38.5	0.0	0.0	5.8	0.000	0.000	0.5706450885	0.570	0.000
20160907	0.5193468016	0.147	0.0	19.8	1.91	3.47	0.0	0.00	36.6	0.0	0.0	5.3	0.000	0.000	0.5193468016	0.519	0.000
20160908	0.4927563682	0.172	1.5	19.9	1.61	3.03	0.0	0.00	36.2	0.2	0.0	5.0	0.000	0.000	0.4927563682	0.493	0.000
20160909	0.4589028052	0.166	0.8	19.6	2.40	4.57	0.0	0.00	34.5	0.1	0.0	4.6	0.000	0.000	0.4589028052	0.459	0.000
20160910	0.4176496196	0.120	0.0	18.6	1.76	3.57	0.0	0.00	32.7	0.0	0.0	4.2	0.000	0.000	0.4176496196	0.417	0.000
20160911	0.9076603591	0.820	19.1	13.5	2.44	4.19	0.0	0.00	46.1	3.3	2.0	4.6	0.000	0.4502455384	0.4574148207	0.907	0.000
20160912	0.7129473342	0.290	0.3	12.3	3.14	4.74	0.0	0.00	43.2	0.1	1.0	5.0	0.000	0.2193420153	0.4936053188	0.713	0.000
20160913	0.5460764458	0.169	0.0	15.3	2.86	4.62	0.0	0.00	40.4	0.0	0.1	5.3	0.000	0.0195339829	0.5265424629	0.546	0.000
20160914	0.6110330423	0.306	5.8	13.1	1.74	2.84	0.0	0.00	43.3	1.1	0.2	5.6	0.000	0.0545143284	0.5565187139	0.611	0.000
20160915	0.5332094937	0.224	0.3	9.8	2.43	3.90	0.0	0.00	41.2	0.1	0.0	5.4	0.000	0.000	0.5332094937	0.533	0.000
20160916	0.4852764892	0.149	0.0	11.7	2.46	4.17	0.0	0.00	38.7	0.0	0.0	4.9	0.000	0.000	0.4852764892	0.485	0.000
20160917	0.4787009714	0.116	2.5	14.0	2.30	4.05	0.0	0.00	38.5	0.4	0.0	4.8	0.000	0.000	0.4787009714	0.479	0.000
20160918	0.5596921963	0.306	6.4	18.0	1.47	2.50	0.0	0.00	42.3	1.1	0.2	5.2	0.000	0.0467142507	0.5129779456	0.560	0.000
20160919	0.4985727325	0.234	0.8	17.3	1.01	1.65	0.0	0.00	41.9	0.1	0.0	5.0	0.000	0.000	0.4985727325	0.498	0.000
20160920	0.4537534086	0.183	0.0	18.6	2.45	4.07	0.0	0.00	39.5	0.0	0.0	4.6	0.000	0.000	0.4537534086	0.454	0.000
20160921	0.4129631293	0.113	0.0	15.9	2.81	4.97	0.0	0.00	36.7	0.0	0.0	4.2	0.000	0.000	0.4129631293	0.413	0.000
20160922	0.3758397027	0.089	0.0	17.0	2.17	4.13	0.0	0.00	34.5	0.0	0.0	3.8	0.000	0.000	0.3758397027	0.376	0.000
20160923	0.8522039460	0.736	17.8	11.7	2.17	3.62	0.0	0.00	46.9	3.2	1.9	4.2	0.000	0.432840529	0.419363417	0.852	0.000
20160924	0.7128455894	0.335	1.5	8.1	2.80	4.12	0.0	0.00	45.3	0.3	1.1	4.6	0.000	0.2538710335	0.4589745559	0.713	0.000
20160925	0.5426958229	0.225	0.0	6.2	2.97	4.57	0.0	0.00	42.3	0.0	0.2	5.0	0.000	0.0476709816	0.4950248413	0.543	0.000
20160926	0.4693883155	0.197	0.0	8.1	2.38	3.92	0.0	0.00	40.0	0.0	0.0	4.8	0.000	0.000	0.4693883155	0.469	0.000
20160927	0.4924569267	0.240	4.1	12.3	2.26	3.79	0.0	0.00	41.1	0.7	0.0	5.0	0.000	0.000	0.4924569267	0.492	0.000
20160928	0.4560918194	0.176	0.5	12.6	2.63	4.44	0.0	0.00	38.9	0.1	0.0	4.6	0.000	0.000	0.4560918194	0.456	0.000
20160929	0.4150913281	0.149	0.0	10.7	2.35	4.22	0.0	0.00	36.5	0.0	0.0	4.2	0.000	0.000	0.4150913281	0.415	0.000
20160930	0.3777765865	0.122	0.0	8.7	0.96	1.84	0.0	0.00	35.5	0.0	0.0	3.8	0.000	0.000	0.3777765865	0.378	0.000
20161001	0.3438162631	0.138	0.0	8.7	1.16	2.27	0.0	0.00	34.4	0.0	0.0	3.5	0.000	0.000	0.3438162631	0.344	0.000
20161002	0.3129088118	0.170	0.0	9.8	0.83	1.68	0.0	0.00	33.6	0.0	0.0	3.2	0.000	0.000	0.3129088118	0.313	0.000
20161003	0.3380972126	0.207	4.3	11.7	0.97	1.91	0.0	0.00	36.3	0.6	0.0	3.4	0.000	0.000	0.3380972126	0.338	0.000
20161004	0.3077038768	0.195	0.0	11.6	0.99	1.90	0.0	0.00	35.3	0.0	0.0	3.1	0.000	0.000	0.3077038768	0.308	0.000
20161005	0.2800427577	0.163	0.0	12.1	1.16	2.30	0.0	0.00	34.2	0.0	0.0	2.8	0.000	0.000	0.2800427577	0.280	0.000
20161006	0.2584482304	0.156	0.3	12.7	1.36	2.77	0.0	0.00	33.0	0.0	0.0	2.6	0.000	0.000	0.2584482304	0.258	0.000
20161007	0.2386204616	0.139	0.3	15.1	0.97	2.04	0.0	0.00	32.3	0.0	0.0	2.4	0.000	0.000	0.2386204616	0.239	0.000
20161008	0.2171696138	0.135	0.0	13.7	0.83	1.80	0.0	0.00	31.5	0.0	0.0	2.2	0.000	0.000	0.2171696138	0.217	0.000
20161009	0.1976470956	0.140	0.0	8.0	0.54	1.19	0.0	0.00	31.0	0.0	0.0	2.0	0.000	0.000	0.1976470956	0.198	0.000
20161010	0.1798795591	0.140	0.0	4.4	0.92	2.07	0.0	0.00	30.0	0.0	0.0	1.8	0.000	0.000	0.1798795591	0.180	0.000
20161011	0.1637092399	0.142	0.0	8.4	0.93	2.16	0.0	0.00	29.1	0.0	0.0	1.7	0.000	0.000	0.1637092399	0.164	0.000
20161012	0.1489925557	0.129	0.0	12.7	0.98	2.34	0.0	0.00	28.1	0.0	0.0	1.5	0.000	0.000	0.1489925557	0.149	0.000
20161013	0.1491463407	0.125	1.5	9.8	0.65	1.58	0.0	0.00	28.8	0.2	0.0	1.5	0.000	0.000	0.1491463407	0.149	0.000
20161014	0.1357387920	0.136	0.0	4.7	0.72	1.74	0.0	0.00	28.1	0.0	0.0	1.4	0.000	0.000	0.135738792	0.136	0.000
20161015	0.1235365184	0.132	0.0	5.8	0.87	2.16	0.0	0.00	27.2	0.0	0.0	1.3	0.000	0.000	0.1235365184	0.124	0.000
20161016	0.1570542630	0.158	4.8	10.2	0.89	2.11	0.0	0.00	30.7	0.5	0.0	1.6	0.000	0.000	0.157054263	0.157	0.000
20161017	0.1459740061	0.221	0.3	14.3	1.01	2.30	0.0	0.00	29.9	0.0	0.0	1.5	0.000	0.000	0.1459740061	0.146	0.000
20161018	0.1328516353	0.168	0.0	13.1	0.47	1.09	0.0	0.00	29.5	0.0	0.0	1.3	0.000	0.000	0.1328516353	0.133	0.000
20161019	0.1256705492	0.186	0.5	11.6	0.86	2.01	0.0	0.00	29.0	0.1	0.0	1.3	0.000	0.000	0.1256705492	0.126	0.000
20161020	0.1436715195	0.223	3.0	8.6	0.58	1.33	0.0	0.00	31.1	0.3	0.0	1.5	0.000	0.000	0.1436715195	0.144	0.000
20161021	2.0934246076	2.887	46.5	12.0	0.94	1.34	0.0	0.00	65.7	11.0	8.3	2.1	0.000	1.8853585552	0.2080660523	2.093	0.000
20161022	3.7946895309	4.492	27.2	5.7	1.12	1.12	0.0	0.00	80.1	11.6	15.5	2.7	0.000	3.5280177088	0.2666718221	3.795	0.000
20161023	3.2167579962	1.951	2.0	1.4	0.92	0.92	0.0	0.00	80.2	1.0	12.8	3.2	0.000	2.896748785	0.3200092112	3.217	0.000
20161024	2.5698504416	1.316	7.1	1.0	1.97	1.97	4.0	1.00	78.2	0.0	9.7	3.7	0.000	2.2012986197	0.3685518219	2.570	0.000
20161025	2.0473210248	1.072	0.3	-0.1	0.00	1.54	4.2	1.00	78.2	0.0	7.2	4.2	0.000	1.6345903427	0.4127306822	2.047	0.000
20161026	1.6257292996	0.907	0.0	-0.9	0.00	1.44	4.2	1.00	78.2	0.0	5.2	4.6	0.000	1.1727912271	0.4529380724	1.626	0.000
20161027	1.2860114750	0.804	11.2	-0.9	0.00	1.05	10.5	1.00	78.2	0.0	3.5	5.0	0.000	0.7964804659	0.489531009	1.286	0.000
20161028	2.1440067885	1.843	11.9	1.6	0.00	0.97	10.1	1.00	84.4	6.1	7.1	5.3	0.000	1.6211723743	0.5228344142	2.129	0.015
20161029	3.9903275772	3.742	13.7	3.1	0.00	1.72	2.3	1.00	93.7	12.3	15.1	5.6	0.000	3.437183576	0.5531440012	3.805	0.185
20161030	3.5982496195	3.149	1.0	3.4	0.00	1.04	0.0	0.00	94.9	2.0	13.3	5.9	0.000	3.0175207195	0.5807289001	3.415	0.183
20161031	2.9055472743	1.921	1.5	-0.5	1.32	1.32	0.8	1.00	93.6	0.0	10.1	6.1	0.000	2.299713227	0.6058340474	2.760	0.146
20161101	2.3434687771	1.482	0.0	1.0	0.00	0.84	0.8	1.00	93.6	0.0	7.5	6.4	0.000	1.7147864161	0.628682361	2.228	0.115
20161102	2.0988361431	1.382	1.0	8.7	0.00	1.50	0.0	0.00	94.3	1.1	6.4	6.6	0.000	1.4493594235	0.6494767196	1.987	0.112
20161103	3.8079961910	3.653	17.5	6.8	1.05	1.05	0.0	0.00	99.3	11.4	13.8	6.8	0.000	3.139594427	0.668401764	3.535	0.273
20161104	3.0848141594	2.362	2.5	0.2	1.26	1.26	1.4	1.00	98.0	0.0	10.6	6.9	0.000	2.3991886228	0.6856255367	2.867	0.218
20161105	2.4971478785	1.837	0.5	-0.9	0.00	1.51	1.7	1.00	98.0	0.0	7.9	7.1	0.000	1.7958469047	0.7013009739	2.323	0.174
20161106	2.0197632023	1.745	2.3	1.1	0.00	1.60	3.0	1.00	98.0	0.0	5.7	7.2	0.000	1.3041959387	0.7155672636	1.882	0.138
20161107	1.9571726576	1.577	0.0	2.0	0.00	1.53	0.3	1.00	98.9	1.8	5.4	7.4	0.000	1.2286215761	0.7285510816	1.812	0.145
20161108	1.6252927430	1.460	0.0	5.9	0.00	1.66	0.0	0.00	99.0	0.2	3.9	7.5	0.000	0.8849250271	0.7403677159	1.506	0.120
20161109	1.3503581182	1.394	0.3	4.0	0.95	0.95	0.0	0.00	98.2	0.2	2.6	7.6	0.000	0.5992360274	0.7511220908	1.252	0.098
20161110	1.0900116299	1.322	0.0	1.9	1.35	1.35	0.0	0.00	96.8	0.0	1.4	7.7	0.000	0.3291019315	0.7609096984	1.013	0.077
20161111	0.8787925657	1.636	6.9	1.3	0.94	0.94	3.9	1.00	95.9	0.0	0.5	7.8	0.000	0.1089751192	0.7698174465	0.819	0.060
20161112	0.7437369975	1.396	0.0	-1.5	0.00	1.30	3.9	1.00	95.9	0.0	0.0	7.5	0.000	0.000	0.7437369975	0.694	0.050
20161113	1.0594387091	1.276	0.0	3.8	0.00	1.49	0.0	0.00	97.3	2.5	1.3	7.6	0.000	0.3052502191	0.75418849	0.957	0.102
20161114	0.8532392839	1.194	0.0	5.9	1.56	1.56	0.0	0.00	95.7	0.0	0.4	7.7	0.000	0.089538841	0.7637004429	0.777	0.077
20161115	1.3199231801	1.280	5.3	6.7	1.24	1.24	0.0	0.00	96.3	3.4	2.4	7.8	0.000	0.5475658638	0.7723573163	1.174	0.146
20161116	1.9287824822	2.137	7.1	7.0	0.98	0.98	0.0	0.00	97.8	4.7	5.1	7.9	0.000	1.1485465043	0.7802359779	1.701	0.228
20161117	1.6007584898	1.639	0.3	4.5	0.81	0.81	0.0	0.00	97.1	0.2	3.6	8.0	0.000	0.8133521046	0.7874063852	1.414	0.187
20161118	1.2975130001	1.379	0.0	5.8	1.22	1.22	0.0	0.00	95.9	0.0	2.2	8.0	0.000	0.5035807932	0.7939322068	1.149	0.148
20161119	1.0510258035	1.267	0.0	7.1	1.07	1.07	0.0	0.00	94.8	0.0	1.1	8.1	0.000	0.2511544154	0.7998713881	0.934	0.117
20161120	0.8507339296	1.552	13.0	0.6	0.69	0.69	7.3	1.00	94.1	0.0	0.2	8.2	0.000	0.0454572645	0.8052766651	0.758	0.093
20161121	0.7508739830	1.462	4.8	-4.3	0.00	1.25	10.0	1.00	94.1	0.0	0.0	7.6	0.000	0.000	0.750873983	0.670	0.081
20161122	0.6833739733	1.288	1.0	-4.6	0.00	1.08	10.6	1.00	94.1	0.0	0.0	6.9	0.000	0.000	0.6833739733	0.610	0.074
20161123	0.6219418944	1.220	0.0	-4.0	0.00	0.94	10.6	1.00	94.1	0.0	0.0	6.3	0.000	0.000	0.6219418944	0.555	0.067
20161124	0.5660322679	1.206	4.3	-3.0	0.00	0.38	13.0	1.00	94.1	0.0	0.0	5.7	0.000	0.000	0.5660322679	0.505	0.061
20161125	0.5151486517	1.205	2.5	-0.8	0.00	0.52	14.4	1.00	94.1	0.0	0.0	5.2	0.000	0.000	0.5151486517	0.460	0.056
20161126	0.4688392313	1.284	0.8	0.9	0.00	0.48	14.9	1.00	94.1	0.0	0.0	4.7	0.000	0.000	0.4688392313	0.418	0.051
20161127	0.4266928081	1.335	0.3	-2.1	0.00	1.19	15.0	1.00	94.1	0.0	0.0	4.3	0.000	0.000	0.4266928081	0.381	0.046
20161128	0.3883351485	1.177	0.3	-4.0	0.00	1.05	15.2	1.00	94.1	0.0	0.0	3.9	0.000	0.000	0.3883351485	0.346	0.042
20161129	0.3534256605	3.182	19.3	-3.0	0.00	0.29	26.1	1.00	94.1	0.0	0.0	3.6	0.000	0.000	0.3534256605	0.315	0.038
20161130	0.6558082497	4.084	4.1	1.8	0.00	0.22	26.6	1.00	95.5	2.2	1.1	4.0	0.000	0.2568439587	0.3989642909	0.575	0.081
20161201	3.4844520978	7.248	15.5	3.3	0.00	0.65	18.2	1.00	103.2	16.2	13.4	4.5	0.000	3.0440428833	0.4404092145	2.900	0.584
20161202	2.7994540379	4.211	6.1	0.7	0.00	0.72	21.6	1.00	103.2	0.0	10.2	4.8	0.000	2.3213256019	0.478128436	2.332	0.467
20161203	2.2448547818	3.390	7.1	-2.2	0.00	1.31	25.6	1.00	103.2	0.0	7.6	5.2	0.000	1.7323979034	0.5124568784	1.872	0.373
20161204	1.7961919872	2.945	0.0	-5.7	0.00	1.15	25.6	1.00	103.2	0.0	5.5	5.5	0.000	1.2524926306	0.5436993566	1.500	0.296
20161205	1.4335608122	2.708	7.1	-6.1	0.00	0.85	29.6	1.00	103.2	0.0	3.8	5.8	0.000	0.861427528	0.5721332842	1.199	0.234
20161206	1.1407676202	2.507	1.8	-3.1	0.00	0.95	30.6	1.00	103.2	0.0	2.4	6.1	0.000	0.5427564836	0.5980111366	0.956	0.185
20161207	0.9046405862	2.439	2.8	-2.8	0.00	1.20	32.2	1.00	103.2	0.0	1.2	6.3	0.000	0.2830778933	0.6215626928	0.760	0.145
20161208	0.7144681369	2.369	0.8	-2.1	0.00	0.41	32.6	1.00	103.2	0.0	0.3	6.5	0.000	0.0714710611	0.6429970758	0.601	0.113
20161209	0.6134764652	2.236	5.3	-8.1	0.00	0.68	35.6	1.00	103.2	0.0	0.0	6.2	0.000	0.000	0.6134764652	0.517	0.096
20161210	0.5583278407	2.098	0.3	-12.6	0.00	0.74	35.8	1.00	103.2	0.0	0.0	5.7	0.000	0.000	0.5583278407	0.471	0.088
20161211	0.5081368159	2.008	0.5	-11.5	0.00	0.65	36.1	1.00	103.2	0.0	0.0	5.1	0.000	0.000	0.5081368159	0.428	0.080
20161212	0.4624577263	1.916	16.3	-5.5	0.00	0.33	45.3	1.00	103.2	0.0	0.0	4.7	0.000	0.000	0.4624577263	0.390	0.073
20161213	0.4208849701	1.814	0.8	-3.4	0.00	0.88	45.7	1.00	103.2	0.0	0.0	4.3	0.000	0.000	0.4208849701	0.355	0.066
20161214	0.3830494076	1.784	1.8	-8.4	0.00	0.64	46.7	1.00	103.2	0.0	0.0	3.9	0.000	0.000	0.3830494076	0.323	0.060
20161215	0.3486150826	1.704	2.3	-16.3	0.00	0.54	48.0	1.00	103.2	0.0	0.0	3.5	0.000	0.000	0.3486150826	0.294	0.055
20161216	0.3172762402	1.639	0.0	-22.0	0.00	0.95	48.0	1.00	103.2	0.0	0.0	3.2	0.000	0.000	0.3172762402	0.267	0.050
20161217	0.2887546110	1.588	8.1	-11.0	0.00	0.60	52.6	1.00	103.2	0.0	0.0	2.9	0.000	0.000	0.288754611	0.243	0.045
20161218	0.2627969411	5.114	19.8	-6.9	0.00	1.02	63.8	1.00	103.2	0.0	0.0	2.7	0.000	0.000	0.2627969411	0.221	0.041
20161219	0.2391727425	2.712	0.0	-16.7	0.00	0.82	63.8	1.00	103.2	0.0	0.0	2.4	0.000	0.000	0.2391727425	0.202	0.038
20161220	0.2176722474	2.109	0.0	-14.1	0.00	0.36	63.8	1.00	103.2	0.0	0.0	2.2	0.000	0.000	0.2176722474	0.183	0.034
20161221	0.1981045447	1.829	0.0	-5.1	0.00	0.58	63.8	1.00	103.2	0.0	0.0	2.0	0.000	0.000	0.1981045447	0.167	0.031
20161222	0.1802958858	1.712	3.0	-2.8	0.00	0.24	65.4	1.00	103.2	0.0	0.0	1.8	0.000	0.000	0.1802958858	0.152	0.028
20161223	0.1640881408	1.629	0.3	-2.2	0.00	1.01	65.6	1.00	103.2	0.0	0.0	1.7	0.000	0.000	0.1640881408	0.138	0.026
20161224	0.1493373952	1.599	3.3	-2.6	0.00	1.04	67.5	1.00	103.2	0.0	0.0	1.5	0.000	0.000	0.1493373952	0.126	0.023
20161225	0.1359126717	1.515	1.0	-8.0	0.00	1.27	68.0	1.00	103.2	0.0	0.0	1.4	0.000	0.000	0.1359126717	0.115	0.021
20161226	0.1236947671	1.499	2.3	-8.4	0.00	1.48	69.3	1.00	103.2	0.0	0.0	1.3	0.000	0.000	0.1236947671	0.104	0.019
20161227	0.1125751942	2.544	7.1	0.7	0.00	0.74	73.3	1.00	103.2	0.0	0.0	1.1	0.000	0.000	0.1125751942	0.095	0.018
20161228	0.1024552182	1.938	0.5	-6.9	0.00	0.69	73.6	1.00	103.2	0.0	0.0	1.0	0.000	0.000	0.1024552182	0.086	0.016
20161229	0.0932449801	1.669	10.2	-5.6	0.00	0.26	79.4	1.00	103.2	0.0	0.0	0.9	0.000	0.000	0.0932449801	0.079	0.015
20161230	0.0848626986	1.556	11.7	-7.6	0.00	1.10	86.0	1.00	103.2	0.0	0.0	0.9	0.000	0.000	0.0848626986	0.072	0.013
20161231	0.0772339445	1.470	3.8	-11.1	0.00	0.60	88.1	1.00	103.2	0.0	0.0	0.8	0.000	0.000	0.0772339445	0.065	0.012
20170101	0.0702909792	1.400	4.8	-5.6	0.00	0.77	90.8	1.00	103.2	0.0	0.0	0.7	0.000	0.000	0.0702909792	0.059	0.011
20170102	0.0639721536	1.375	0.0	-5.1	0.00	0.84	90.8	1.00	103.2	0.0	0.0	0.6	0.000	0.000	0.0639721536	0.054	0.010
20170103	0.0582213604	1.380	3.6	-3.8	0.00	0.53	92.8	1.00	103.2	0.0	0.0	0.6	0.000	0.000	0.0582213604	0.049	0.009
20170104	0.0529875362	1.661	8.1	-2.4	0.00	0.76	97.4	1.00	103.2	0.0	0.0	0.5	0.000	0.000	0.0529875362	0.045	0.008
20170105	0.0482242080	1.519	1.5	-7.9	0.00	1.25	98.2	1.00	103.2	0.0	0.0	0.5	0.000	0.000	0.048224208	0.041	0.008
20170106	0.0438890805	1.404	0.5	-11.2	0.00	0.64	98.5	1.00	103.2	0.0	0.0	0.4	0.000	0.000	0.0438890805	0.037	0.007
20170107	0.0399436603	1.323	0.0	-13.2	0.00	0.70	98.5	1.00	103.2	0.0	0.0	0.4	0.000	0.000	0.0399436603	0.034	0.006
20170108	0.0363529147	1.271	0.5	-16.6	0.00	0.85	98.8	1.00	103.2	0.0	0.0	0.4	0.000	0.000	0.0363529147	0.031	0.006
20170109	0.0330849601	1.208	0.0	-18.9	0.00	0.59	98.8	1.00	103.2	0.0	0.0	0.3	0.000	0.000	0.0330849601	0.028	0.005
20170110	0.0301107791	1.118	1.5	-9.8	0.00	0.37	99.6	1.00	103.2	0.0	0.0	0.3	0.000	0.000	0.0301107791	0.025	0.005
20170111	0.0274039629	1.084	6.1	2.0	0.00	1.44	105.7	1.00	103.2	0.0	0.0	0.3	0.000	0.000	0.0274039629	0.023	0.004
20170112	2.0135544150	2.256	6.4	3.5	0.00	0.35	97.0	1.00	107.2	11.2	8.4	1.0	0.000	1.9113040174	0.1022503976	1.581	0.432
20170113	1.5686480981	3.207	1.8	-5.7	0.00	1.53	98.0	1.00	107.2	0.0	6.2	1.7	0.000	1.3982796052	0.1703684929	1.232	0.336
20170114	1.2125894800	1.876	0.3	-15.0	0.00	0.87	98.1	1.00	107.2	0.0	4.3	2.4	0.000	0.9802263856	0.2323630944	0.953	0.260
20170115	0.9283479458	1.557	0.5	-11.0	0.00	0.73	98.4	1.00	107.2	0.0	2.8	2.9	0.000	0.6395632704	0.2887846754	0.730	0.199
20170116	0.7020980102	1.430	0.0	-8.3	0.00	0.51	98.4	1.00	107.2	0.0	1.6	3.4	0.000	0.3619637864	0.3401342238	0.552	0.150
20170117	0.5226212715	1.395	2.0	-4.8	0.00	1.26	99.6	1.00	107.2	0.0	0.6	3.9	0.000	0.1357535802	0.3868676913	0.411	0.112
20170118	0.4058091000	1.369	4.1	-2.4	0.00	0.40	101.9	1.00	107.2	0.0	0.0	4.1	0.000	0.000	0.4058091	0.319	0.087
20170119	0.3693287866	1.326	2.0	-1.4	0.00	0.67	103.0	1.00	107.2	0.0	0.0	3.7	0.000	0.000	0.3693287866	0.291	0.079
20170120	0.3361278805	1.265	0.3	-1.5	0.00	0.91	103.2	1.00	107.2	0.0	0.0	3.4	0.000	0.000	0.3361278805	0.264	0.072
20170121	0.3059115783	1.244	0.8	-0.2	0.00	0.90	103.6	1.00	107.2	0.0	0.0	3.1	0.000	0.000	0.3059115783	0.241	0.065
20170122	0.2784115783	1.254	1.3	0.7	0.00	1.01	104.3	1.00	107.2	0.0	0.0	2.8	0.000	0.000	0.2784115783	0.219	0.059
20170123	0.2533836979	1.298	0.8	-2.3	0.00	1.07	104.8	1.00	107.2	0.0	0.0	2.6	0.000	0.000	0.2533836979	0.199	0.054
20170124	0.2306057053	1.567	21.6	-2.0	0.00	0.98	117.0	1.00	107.2	0.0	0.0	2.3	0.000	0.000	0.2306057053	0.181	0.049
20170125	0.2098753461	1.498	0.8	-3.9	0.00	1.19	117.4	1.00	107.2	0.0	0.0	2.1	0.000	0.000	0.2098753461	0.165	0.045
20170126	0.1910085480	1.902	8.1	0.4	0.00	0.78	122.0	1.00	107.2	0.0	0.0	1.9	0.000	0.000	0.191008548	0.150	0.041
20170127	0.1738377855	1.791	13.7	-3.7	0.00	1.47	129.7	1.00	107.2	0.0	0.0	1.8	0.000	0.000	0.1738377855	0.137	0.037
20170128	0.1582105931	1.569	2.3	-3.5	0.00	1.33	131.0	1.00	107.2	0.0	0.0	1.6	0.000	0.000	0.1582105931	0.124	0.034
20170129	0.1439882111	1.462	2.0	-3.4	0.00	1.00	132.1	1.00	107.2	0.0	0.0	1.5	0.000	0.000	0.1439882111	0.113	0.031
20170130	0.1310443539	1.415	1.5	-11.3	0.00	1.16	133.0	1.00	107.2	0.0	0.0	1.3	0.000	0.000	0.1310443539	0.103	0.028
20170131	0.1192640880	1.349	0.0	-13.2	0.00	0.95	133.0	1.00	107.2	0.0	0.0	1.2	0.000	0.000	0.119264088	0.094	0.025
20170201	0.1085428122	1.268	2.8	-8.3	0.00	0.76	134.5	1.00	107.2	0.0	0.0	1.1	0.000	0.000	0.1085428122	0.085	0.023
20170202	0.0987853282	1.215	1.3	-8.2	0.00	0.85	135.3	1.00	107.2	0.0	0.0	1.0	0.000	0.000	0.0987853282	0.078	0.021
20170203	0.0899049957	1.171	2.8	-9.7	0.00	0.43	136.9	1.00	107.2	0.0	0.0	0.9	0.000	0.000	0.0899049957	0.071	0.019
20170204	0.0818229630	1.123	1.8	-10.3	0.00	0.93	137.9	1.00	107.2	0.0	0.0	0.8	0.000	0.000	0.081822963	0.064	0.017
20170205	0.0744674667	1.086	1.5	-7.0	0.00	0.87	138.7	1.00	107.2	0.0	0.0	0.8	0.000	0.000	0.0744674667	0.059	0.016
20170206	0.0677731947	1.073	3.8	-9.8	0.00	0.98	140.9	1.00	107.2	0.0	0.0	0.7	0.000	0.000	0.0677731947	0.053	0.014
20170207	0.0616807059	1.058	12.4	-8.4	0.00	0.48	147.8	1.00	107.2	0.0	0.0	0.6	0.000	0.000	0.0616807059	0.049	0.013
20170208	0.0561359030	1.233	6.1	-1.1	0.00	0.79	151.3	1.00	107.2	0.0	0.0	0.6	0.000	0.000	0.056135903	0.044	0.012
20170209	0.0510895516	1.153	5.6	-13.0	0.00	0.50	154.4	1.00	107.2	0.0	0.0	0.5	0.000	0.000	0.0510895516	0.040	0.011
20170210	0.0464968432	1.103	1.8	-17.8	0.00	0.54	155.5	1.00	107.2	0.0	0.0	0.5	0.000	0.000	0.0464968432	0.037	0.010
20170211	0.0423169975	1.056	1.8	-13.6	0.00	0.30	156.5	1.00	107.2	0.0	0.0	0.4	0.000	0.000	0.0423169975	0.033	0.009
20170212	0.0385129002	1.016	17.0	-10.8	0.00	0.35	166.1	1.00	107.2	0.0	0.0	0.4	0.000	0.000	0.0385129002	0.030	0.008
20170213	0.0350507731	0.999	5.3	-7.2	0.00	0.49	169.0	1.00	107.2	0.0	0.0	0.4	0.000	0.000	0.0350507731	0.028	0.007
20170214	0.0318998749	0.961	5.6	-8.2	0.00	0.67	172.2	1.00	107.2	0.0	0.0	0.3	0.000	0.000	0.0318998749	0.025	0.007
20170215	0.0290322274	0.919	6.1	-4.5	0.00	0.30	175.6	1.00	107.2	0.0	0.0	0.3	0.000	0.000	0.0290322274	0.023	0.006
20170216	0.0264223679	0.920	5.3	-6.0	0.00	0.39	178.6	1.00	107.2	0.0	0.0	0.3	0.000	0.000	0.0264223679	0.021	0.006
20170217	0.0240471223	0.919	1.3	-7.1	0.00	1.21	179.3	1.00	107.2	0.0	0.0	0.2	0.000	0.000	0.0240471223	0.019	0.005
20170218	0.0218854001	0.916	0.0	-3.1	0.00	1.16	179.3	1.00	107.2	0.0	0.0	0.2	0.000	0.000	0.0218854001	0.017	0.005
20170219	0.0199180064	1.334	0.0	3.8	0.00	1.58	179.3	1.00	107.2	0.0	0.0	0.2	0.000	0.000	0.0199180064	0.016	0.004
20170220	0.0181274721	1.259	0.0	-3.8	0.00	0.87	179.3	1.00	107.2	0.0	0.0	0.2	0.000	0.000	0.0181274721	0.014	0.004
20170221	0.0164978983	1.109	0.3	-4.1	0.00	1.11	179.5	1.00	107.2	0.0	0.0	0.2	0.000	0.000	0.0164978983	0.013	0.004
20170222	0.3698999504	1.144	0.0	4.3	0.00	1.45	176.4	1.00	108.0	2.4	1.2	0.9	0.000	0.2775752139	0.0923247365	0.282	0.087
20170223	3.6100508391	2.027	0.0	6.7	0.00	1.00	153.4	1.00	112.7	18.3	15.2	1.6	0.000	3.4487157375	0.1613351016	2.310	1.300
20170224	4.5526528449	3.357	0.8	3.7	0.00	0.34	143.2	1.00	114.6	9.1	19.1	2.3	0.000	4.3285110826	0.2241417622	2.809	1.744
20170225	10.1260865509	8.691	19.3	5.3	0.00	0.41	126.3	1.00	119.4	31.4	39.8	2.8	0.6599971737	9.1847869752	0.2813024019	5.754	4.372
20170226	7.5364395390	8.663	4.1	-4.7	0.00	1.30	128.6	1.00	119.4	0.0	31.7	3.4	0.000	7.2031149678	0.3333245712	4.286	3.250
20170227	6.0911395373	4.705	0.8	-2.9	0.00	1.37	129.1	1.00	119.4	0.0	25.1	3.9	0.000	5.710469343	0.3806701943	3.466	2.625
20170228	4.9179022765	3.766	0.3	1.3	0.00	1.26	129.4	1.00	119.4	0.0	19.8	4.3	0.000	4.4941426062	0.4237596703	2.800	2.118
20170301	7.1459453700	7.047	9.1	4.1	0.00	0.66	119.5	1.00	121.2	17.2	29.4	4.7	0.000	6.6829697631	0.4629756069	3.930	3.216
20170302	5.7852797503	9.705	5.8	-3.1	0.00	0.59	122.8	1.00	121.2	0.0	23.3	5.0	0.000	5.2866135336	0.4986662167	3.184	2.601
20170303	4.6798994879	5.714	0.0	-11.0	0.00	0.69	122.8	1.00	121.2	0.0	18.3	5.4	0.000	4.1487510778	0.5311484101	2.578	2.102
20170304	3.7822405796	4.437	1.8	-16.5	0.00	0.48	123.8	1.00	121.2	0.0	14.2	5.7	0.000	3.2215299714	0.5607106082	2.085	1.697
20170305	3.0535715461	3.799	0.0	-13.3	0.00	0.90	123.8	1.00	121.2	0.0	10.9	5.9	0.000	2.4659562411	0.587615305	1.685	1.368
20170306	2.4623558839	3.523	0.3	-7.5	0.00	0.94	123.9	1.00	121.2	0.0	8.1	6.2	0.000	1.8502544867	0.6121013972	1.360	1.102
20170307	1.9829178829	3.396	4.3	-1.0	0.00	0.21	126.4	1.00	121.2	0.0	5.9	6.4	0.000	1.3485315771	0.6343863058	1.097	0.886
20170308	2.4352914397	4.642	6.4	3.9	0.00	1.15	127.8	1.00	121.6	4.5	7.8	6.6	0.000	1.7806235329	0.6546679068	1.321	1.114
20170309	1.9649170090	3.849	6.1	-3.0	0.00	1.18	131.3	1.00	121.6	0.0	5.7	6.8	0.000	1.2917907209	0.6731262881	1.068	0.897
20170310	1.5833760956	3.300	2.8	-9.0	0.00	0.54	132.8	1.00	121.6	0.0	3.9	7.0	0.000	0.8934507471	0.6899253485	0.862	0.721
20170311	1.2740658103	2.960	0.8	-19.8	0.00	0.70	133.3	1.00	121.6	0.0	2.5	7.1	0.000	0.5688515573	0.705214253	0.695	0.579
20170312	1.0234709987	2.586	0.0	-16.5	0.00	1.08	133.3	1.00	121.6	0.0	1.3	7.3	0.000	0.3043422412	0.7191287575	0.560	0.463
20170313	0.8205913622	2.328	0.0	-13.2	0.00	1.41	133.3	1.00	121.6	0.0	0.4	7.4	0.000	0.0887989482	0.731792414	0.450	0.370
20170314	0.7011463329	2.261	34.3	-9.9	0.00	0.45	152.6	1.00	121.6	0.0	0.0	7.1	0.000	0.000	0.7011463329	0.386	0.316
20170315	0.6381166031	2.166	8.9	-9.4	0.00	0.27	157.6	1.00	121.6	0.0	0.0	6.5	0.000	0.000	0.6381166031	0.351	0.287
20170316	0.5807529471	2.038	2.8	-9.7	0.00	1.05	159.2	1.00	121.6	0.0	0.0	5.9	0.000	0.000	0.5807529471	0.319	0.261
20170317	0.5285460116	1.945	1.5	-8.5	0.00	0.99	160.0	1.00	121.6	0.0	0.0	5.4	0.000	0.000	0.5285460116	0.291	0.238
20170318	0.4810322321	1.869	0.0	-5.7	0.00	0.98	160.0	1.00	121.6	0.0	0.0	4.9	0.000	0.000	0.4810322321	0.264	0.217
20170319	0.4377897160	1.825	0.0	-3.1	0.00	1.17	160.0	1.00	121.6	0.0	0.0	4.4	0.000	0.000	0.437789716	0.241	0.197
20170320	0.3984344969	1.843	0.0	-0.6	0.00	1.31	160.0	1.00	121.6	0.0	0.0	4.0	0.000	0.000	0.3984344969	0.219	0.179
20170321	0.3626171254	1.806	0.0	0.8	0.00	1.21	160.0	1.00	121.6	0.0	0.0	3.7	0.000	0.000	0.3626171254	0.199	0.163
20170322	0.3300195657	1.687	3.3	-8.8	0.00	1.13	161.9	1.00	121.6	0.0	0.0	3.3	0.000	0.000	0.3300195657	0.181	0.149
20170323	0.3003523721	1.582	0.0	-10.2	0.00	0.99	161.9	1.00	121.6	0.0	0.0	3.0	0.000	0.000	0.3003523721	0.165	0.135
20170324	0.2733521184	1.571	10.4	-6.1	0.00	0.38	167.8	1.00	121.6	0.0	0.0	2.8	0.000	0.000	0.2733521184	0.150	0.123
20170325	0.2487790595	1.515	0.5	-4.5	0.00	0.43	168.0	1.00	121.6	0.0	0.0	2.5	0.000	0.000	0.2487790595	0.137	0.112
20170326	0.2264150020	1.503	0.3	-2.8	0.00	1.24	168.2	1.00	121.6	0.0	0.0	2.3	0.000	0.000	0.226415002	0.124	0.102
20170327	0.2060613672	1.841	10.4	-0.3	0.00	0.50	174.1	1.00	121.6	0.0	0.0	2.1	0.000	0.000	0.2060613672	0.113	0.093
20170328	0.1875374276	2.141	1.5	2.7	0.00	0.26	175.6	1.00	121.6	0.0	0.0	1.9	0.000	0.000	0.1875374276	0.103	0.084
20170329	0.1706787024	2.051	1.0	-0.3	0.00	0.93	176.1	1.00	121.6	0.0	0.0	1.7	0.000	0.000	0.1706787024	0.094	0.077
20170330	0.1553354966	1.816	0.0	0.7	0.00	1.91	176.1	1.00	121.6	0.0	0.0	1.6	0.000	0.000	0.1553354966	0.085	0.070
20170331	0.1413715722	1.761	11.7	0.3	0.00	1.40	182.7	1.00	121.6	0.0	0.0	1.4	0.000	0.000	0.1413715722	0.078	0.064
20170401	0.1286629384	1.659	16.0	0.7	0.00	0.60	191.8	1.00	121.6	0.0	0.0	1.3	0.000	0.000	0.1286629384	0.071	0.058
20170402	0.1170967504	1.886	0.3	2.6	0.00	0.74	192.1	1.00	121.6	0.0	0.0	1.2	0.000	0.000	0.1170967504	0.064	0.053
20170403	0.1065703080	2.019	0.0	2.6	0.00	1.20	192.1	1.00	121.6	0.0	0.0	1.1	0.000	0.000	0.106570308	0.059	0.048
20170404	0.0969901427	2.412	10.4	1.1	0.00	0.39	197.9	1.00	121.6	0.0	0.0	1.0	0.000	0.000	0.0969901427	0.053	0.044
20170405	0.3332535003	2.592	2.0	1.6	0.00	0.79	198.0	1.00	121.8	1.8	0.7	1.7	0.000	0.1676723903	0.16558111	0.174	0.159
20170406	3.2136011304	3.849	15.2	1.8	0.00	0.60	195.7	1.00	123.0	16.2	13.1	2.3	0.000	2.9855950559	0.2280060745	1.658	1.555
20170407	4.4566924455	5.213	8.4	1.9	0.00	0.22	193.2	1.00	123.7	10.3	18.4	2.9	0.000	4.1718731147	0.2848193309	2.315	2.142
20170408	3.5768969966	3.902	5.1	-2.4	0.00	0.75	196.0	1.00	123.7	0.0	14.3	3.4	0.000	3.2403716516	0.336525345	1.858	1.719
20170409	3.7640897471	3.904	0.3	2.7	0.00	1.57	191.2	1.00	124.0	4.9	14.9	3.9	0.000	3.3805065134	0.3835832336	1.958	1.806
20170410	10.3337990108	8.742	0.0	10.1	0.00	1.86	153.8	1.00	125.6	35.8	39.9	4.3	0.6826144929	9.2247736766	0.4264108413	4.800	5.534
20170411	19.9434461153	18.395	1.0	11.7	0.00	1.22	109.8	1.00	126.8	43.8	63.4	4.7	4.1402660138	15.3377916514	0.4653884501	7.975	11.968
20170412	19.5228067364	18.372	0.3	5.7	0.00	0.54	91.0	1.00	127.2	18.8	62.3	5.1	3.9754833823	15.0464611973	0.5008621568	7.371	12.151
20170413	17.8011080646	13.782	2.0	4.1	0.00	1.57	78.9	1.00	127.4	13.8	58.0	5.4	3.3418115601	13.926149559	0.5331469455	6.420	11.381
20170414	17.0165719344	13.201	0.3	4.9	0.00	1.95	63.7	1.00	127.6	15.3	56.0	5.7	3.047762421	13.4062800286	0.5625294849	5.778	11.238
20170415	22.5595344128	15.518	5.6	8.6	0.00	2.10	32.6	1.00	127.9	36.3	69.5	6.0	5.0406398201	16.9296239194	0.5892706733	6.723	15.837
20170416	27.6440137673	26.883	7.9	12.0	0.00	2.40	0.0	0.00	128.1	40.3	81.9	6.2	6.8687468234	20.1616589882	0.6136079557	7.520	20.124
20170417	19.9578175239	21.485	1.3	4.9	2.57	2.57	0.0	0.00	125.6	1.3	63.0	6.4	4.0839078618	15.2381522303	0.6357574318	5.433	14.524
20170418	14.1286475146	13.829	0.0	3.8	2.28	2.28	0.0	0.00	123.3	0.0	48.7	6.6	1.9706869337	11.5020448058	0.6559157751	3.862	10.267
20170419	12.4762858719	12.714	9.1	4.2	1.35	1.35	0.0	0.00	122.5	8.6	44.6	6.8	1.3671005776	10.4349233154	0.674261979	3.442	9.034
20170420	9.3081899482	11.894	1.8	5.3	1.83	1.83	0.0	0.00	120.8	1.7	36.8	7.0	0.2165118975	8.4007191046	0.6909589461	2.586	6.723
20170421	10.2938820473	12.750	14.0	3.8	1.76	1.76	0.0	0.00	120.2	12.8	39.1	7.1	0.5671286806	9.0205984316	0.7061549351	3.091	7.203
20170422	8.3588987523	10.227	3.3	4.1	1.26	1.26	0.0	0.00	119.3	3.0	33.6	7.3	0.000	7.6389138756	0.7199848767	2.562	5.797
20170423	6.8477119575	8.719	0.3	7.7	2.25	2.25	0.0	0.00	117.0	0.3	26.9	7.4	0.000	6.1151403853	0.7325715722	2.105	4.742
20170424	5.5679276392	7.746	0.0	7.9	2.32	2.32	0.0	0.00	114.7	0.0	21.2	7.5	0.000	4.8239008557	0.7440267835	1.714	3.854
20170425	5.0411352809	7.046	3.3	7.4	1.46	1.46	0.0	0.00	113.8	2.8	18.9	7.6	0.000	4.2866830553	0.7544522256	1.603	3.438
20170426	4.5292240774	7.088	2.8	11.1	0.33	0.33	0.0	0.00	113.9	2.3	16.6	7.7	0.000	3.7652836075	0.7639404699	1.484	3.045
20170427	3.8356410249	5.852	1.0	14.7	1.39	1.39	0.0	0.00	112.7	0.8	13.5	7.8	0.000	3.0630652589	0.772575766	1.271	2.564
20170428	3.1930167351	5.034	0.5	16.6	2.27	2.27	0.0	0.00	110.5	0.4	10.6	7.9	0.000	2.4125819451	0.78043479	1.065	2.128
20170429	2.7120066203	4.349	0.8	12.4	2.26	2.26	0.0	0.00	108.4	0.6	8.5	8.0	0.000	1.9244192953	0.787587325	0.915	1.797
20170430	2.3459088876	3.884	1.0	2.7	2.08	2.08	0.0	0.00	106.6	0.8	6.8	8.0	0.000	1.5518120066	0.794096881	0.805	1.541
20170501	4.5996673040	5.573	18.8	6.2	0.81	0.81	0.0	0.00	110.0	14.6	16.7	8.1	0.000	3.7996460451	0.8000212589	2.045	2.555
20170502	5.8545247381	8.210	14.2	7.9	0.46	0.46	0.0	0.00	112.3	11.4	22.2	8.2	0.000	5.0491116749	0.8054130632	2.866	2.989
20170503	5.4165746565	6.038	4.3	3.5	1.36	1.36	0.0	0.00	111.8	3.5	20.3	8.2	0.000	4.6062544866	0.8103201699	2.705	2.712
20170504	4.4091263990	4.732	0.0	8.2	1.64	1.64	0.0	0.00	110.1	0.0	15.8	8.2	0.000	3.594340248	0.814786151	2.191	2.219
20170505	5.1298621378	5.350	10.4	7.0	0.94	0.94	0.0	0.00	111.2	8.3	19.0	8.3	0.000	4.3110114762	0.8188506616	2.735	2.395
20170506	5.1641683679	5.489	6.6	10.7	1.66	1.66	0.0	0.00	110.8	5.3	19.1	8.3	0.000	4.3416185759	0.8225497919	2.852	2.312
20170507	6.4620639387	5.798	15.0	7.3	1.15	1.15	0.0	0.00	112.5	12.2	24.8	8.4	0.000	5.6361475507	0.825916388	3.862	2.600
20170508	5.4591326479	6.016	1.3	2.5	0.82	0.82	0.0	0.00	111.9	1.1	20.4	8.4	0.000	4.6301523049	0.8289803431	3.267	2.192
20170509	4.6706912210	4.609	1.5	2.6	1.58	1.58	0.0	0.00	110.6	1.2	16.9	8.4	0.000	3.8389223579	0.8317688631	2.804	1.867
20170510	3.8033635210	4.126	0.0	5.0	2.74	2.74	0.0	0.00	107.9	0.0	13.1	8.4	0.000	2.9690568126	0.8343067084	2.271	1.532
20170511	3.0968373827	3.709	0.0	8.4	3.02	3.02	0.0	0.00	104.9	0.0	9.9	8.5	0.000	2.2602209692	0.8366164135	1.838	1.259
20170512	2.5213234608	3.391	0.0	11.1	3.24	3.24	0.0	0.00	101.6	0.0	7.4	8.5	0.000	1.6826049738	0.838718487	1.486	1.035
20170513	2.0913843847	3.144	0.3	11.2	1.60	1.60	0.0	0.00	100.1	0.2	5.5	8.5	0.000	1.2507527906	0.8406315941	1.228	0.864
20170514	4.0418783646	4.331	17.8	6.5	1.83	1.83	0.0	0.00	103.5	12.6	14.1	8.5	0.000	3.1995056427	0.8423727219	2.723	1.319
20170515	4.8402415832	5.810	11.4	9.2	0.95	0.95	0.0	0.00	105.5	8.4	17.6	8.5	0.000	3.9962842526	0.8439573306	3.393	1.448
20170516	3.9426873290	3.745	0.0	13.1	2.19	2.19	0.0	0.00	103.4	0.0	13.6	8.6	0.000	3.0972878385	0.8453994905	2.750	1.193
20170517	3.2114258463	3.165	0.0	18.7	3.44	3.44	0.0	0.00	99.9	0.0	10.4	8.6	0.000	2.3647138393	0.846712007	2.227	0.985
20170518	2.6535039145	2.805	0.3	23.3	4.01	4.01	0.0	0.00	96.0	0.2	7.9	8.6	0.000	1.8055973799	0.8479065346	1.831	0.822
20170519	2.3156301161	2.636	1.3	12.2	2.39	2.39	0.0	0.00	94.1	0.8	6.5	8.6	0.000	1.4666364363	0.8489936798	1.600	0.716
20170520	1.8859120808	2.418	0.0	9.8	3.39	3.39	0.0	0.00	90.7	0.0	4.6	8.6	0.000	1.0359289851	0.8499830957	1.293	0.593
20170521	1.5358377603	2.219	0.0	11.5	2.86	2.86	0.0	0.00	87.8	0.0	3.0	8.6	0.000	0.6849541923	0.8508835679	1.044	0.492
20170522	3.0585460371	3.539	16.5	9.5	1.40	1.40	0.0	0.00	93.2	9.8	9.7	8.6	0.000	2.2068429452	0.8517030919	2.299	0.760
20170523	2.5482444044	2.852	0.5	12.6	3.32	3.32	0.0	0.00	90.0	0.3	7.5	8.6	0.000	1.6957954598	0.8524489446	1.907	0.641
20170524	2.0757937881	2.244	0.0	15.0	1.74	1.74	0.0	0.00	88.3	0.0	5.4	8.6	0.000	1.2226660395	0.8531277487	1.543	0.533
20170525	1.8795385445	2.041	1.8	12.9	2.24	2.24	0.0	0.00	86.8	1.0	4.5	8.6	0.000	1.025793013	0.8537455315	1.400	0.479
20170526	3.4599816792	3.859	17.8	10.1	2.73	2.73	0.0	0.00	91.5	10.4	11.5	8.6	0.000	2.6056739007	0.8543077785	2.759	0.701
20170527	2.9292130835	2.560	1.0	12.8	2.72	2.72	0.0	0.00	89.2	0.6	9.1	8.7	0.000	2.0743936012	0.8548194822	2.330	0.599
20170528	2.3864631955	2.063	0.0	15.1	3.53	3.53	0.0	0.00	85.6	0.0	6.7	8.7	0.000	1.5311780093	0.8552851862	1.889	0.498
20170529	2.4098634218	2.059	4.6	10.9	1.31	1.31	0.0	0.00	86.4	2.5	6.8	8.7	0.000	1.5541543962	0.8557090256	1.927	0.483
20170530	2.5400437859	2.225	5.6	9.7	1.68	1.68	0.0	0.00	87.2	3.1	7.4	8.7	0.000	1.6839490221	0.8560947639	2.059	0.481
20170531	2.7610873153	2.843	6.6	13.2	3.02	3.02	0.0	0.00	87.1	3.7	8.4	8.7	0.000	1.9046414892	0.8564458261	2.272	0.489
20170601	2.3314486865	2.295	0.8	12.9	4.97	4.97	0.0	0.00	82.5	0.4	6.5	8.7	0.000	1.474683357	0.8567653294	1.914	0.417
20170602	2.3105293854	2.017	4.3	8.3	4.09	4.09	0.0	0.00	80.5	2.2	6.4	8.7	0.000	1.4534732744	0.857056111	1.913	0.397
20170603	2.4971616764	2.394	6.6	8.1	3.26	3.26	0.0	0.00	80.5	3.3	7.2	8.7	0.000	1.6398409237	0.8573207526	2.097	0.400
20170604	3.0699505442	2.436	10.9	12.4	3.81	3.81	0.0	0.00	82.0	5.6	9.7	8.7	0.000	2.2123889399	0.8575616043	2.635	0.435
20170605	3.0349863414	2.575	5.6	10.2	0.78	0.78	0.0	0.00	83.9	2.9	9.6	8.7	0.000	2.1772055369	0.8577808045	2.623	0.412
20170606	4.4816455926	4.855	19.3	8.2	2.92	2.92	0.0	0.00	89.4	10.9	16.0	8.7	0.000	3.6236652929	0.8579802996	3.988	0.493
20170607	3.7050922081	3.138	0.5	13.2	4.05	4.05	0.0	0.00	85.6	0.3	12.5	8.7	0.000	2.846930347	0.8581618611	3.291	0.414
20170608	3.0190296830	2.305	0.0	17.6	5.54	5.54	0.0	0.00	80.1	0.0	9.5	8.7	0.000	2.1607025819	0.8583271011	2.674	0.345
20170609	2.4599869391	2.020	0.0	15.1	3.05	3.05	0.0	0.00	77.0	0.0	7.0	8.7	0.000	1.6015094524	0.8584774868	2.172	0.288
20170610	2.0044486320	1.809	0.0	15.7	4.67	4.67	0.0	0.00	72.3	0.0	5.0	8.7	0.000	1.1458342785	0.8586143535	1.764	0.241
20170611	1.6718122799	1.552	0.5	21.5	3.80	3.80	0.0	0.00	68.8	0.2	3.6	8.7	0.000	0.8130733634	0.8587389165	1.467	0.205
20170612	1.3622059346	1.316	0.0	22.7	4.80	4.86	0.0	0.00	64.0	0.0	2.2	8.7	0.000	0.5033536526	0.858852282	1.190	0.172
20170613	1.1099247795	1.124	0.0	18.9	4.30	4.68	0.0	0.00	59.7	0.0	1.1	8.7	0.000	0.2509693231	0.8589554564	0.965	0.145
20170614	0.9043557924	1.042	0.0	13.4	5.41	6.32	0.0	0.00	54.3	0.0	0.2	8.7	0.000	0.0453064365	0.8590493559	0.782	0.123
20170615	0.7997530799	0.959	0.0	14.2	4.64	5.96	0.0	0.00	49.7	0.0	0.0	8.1	0.000	0.000	0.7997530799	0.690	0.109
20170616	1.6981074023	2.700	19.8	13.0	3.02	3.72	0.0	0.00	60.8	5.7	3.9	8.2	0.000	0.8929384101	0.8051689922	1.548	0.150
20170617	1.3785321040	1.663	0.0	17.6	4.59	5.27	0.0	0.00	56.2	0.0	2.5	8.2	0.000	0.5684340642	0.8100980398	1.250	0.128
20170618	1.1343314528	1.247	0.3	21.3	3.73	4.63	0.0	0.00	52.7	0.1	1.4	8.2	0.000	0.3197474635	0.8145839893	1.024	0.110
20170619	2.4067214371	4.466	24.9	20.5	4.00	4.57	0.0	0.00	65.5	8.0	7.0	8.3	0.000	1.5880547638	0.8186666733	2.259	0.148
20170620	2.9752368660	4.345	14.0	17.0	5.59	5.59	0.0	0.00	68.5	5.5	9.5	8.3	0.000	2.1528545227	0.8223823433	2.819	0.156
20170621	2.4208782198	2.347	0.0	14.6	4.88	4.97	0.0	0.00	63.6	0.0	7.0	8.4	0.000	1.5951142276	0.8257639922	2.289	0.132
20170622	1.9694645861	1.783	0.0	15.9	3.24	3.56	0.0	0.00	60.3	0.0	5.0	8.4	0.000	1.1406229392	0.8288416469	1.857	0.112
20170623	3.1503847589	3.879	22.4	18.1	4.07	4.22	0.0	0.00	70.3	8.4	10.2	8.4	0.000	2.3187421238	0.8316426351	3.021	0.129
20170624	4.8049886229	6.725	26.2	17.1	4.93	4.93	0.0	0.00	79.5	12.1	17.5	8.4	0.000	3.9707967952	0.8341918277	4.660	0.145
20170625	4.6591489360	3.687	8.1	15.4	5.62	5.62	0.0	0.00	77.9	4.0	16.8	8.5	0.000	3.822637076	0.83651186	4.526	0.133
20170626	3.7944095980	3.073	0.0	13.5	5.45	5.45	0.0	0.00	72.5	0.0	13.0	8.5	0.000	2.9557862656	0.8386233324	3.682	0.113
20170627	3.6427609614	2.639	6.9	13.7	3.55	3.55	0.0	0.00	72.8	3.0	12.3	8.5	0.000	2.802215968	0.8405449934	3.540	0.103
20170628	3.1233725844	2.674	2.0	12.3	3.68	3.68	0.0	0.00	70.3	0.8	10.0	8.5	0.000	2.2810786782	0.8422939062	3.034	0.089
20170629	5.3923239464	5.470	32.3	13.3	2.80	2.80	0.0	0.00	84.4	15.4	20.0	8.5	0.000	4.5484383463	0.8438856001	5.292	0.101
20170630	4.6183034077	6.641	2.3	16.7	4.28	4.28	0.0	0.00	81.2	1.2	16.6	8.6	0.000	3.7729691995	0.8453342082	4.531	0.087
20170701	5.0961589514	6.016	13.7	17.6	3.87	3.87	0.0	0.00	83.8	7.2	18.7	8.6	0.000	4.2495063581	0.8466525933	5.012	0.084
20170702	4.2287256933	4.657	0.8	18.5	5.70	5.70	0.0	0.00	78.5	0.4	14.9	8.6	0.000	3.3808732315	0.8478524619	4.157	0.072
20170703	3.6027537801	3.508	1.8	16.1	7.57	7.57	0.0	0.00	71.9	0.9	12.1	8.6	0.000	2.7538093121	0.8489444679	3.540	0.062
20170704	2.9347584414	2.884	0.0	16.0	7.29	7.29	0.0	0.00	64.6	0.0	9.2	8.6	0.000	2.0848201336	0.8499383078	2.882	0.053
20170705	2.3905171859	2.473	0.0	17.1	6.94	7.50	0.0	0.00	57.7	0.0	6.8	8.6	0.000	1.5396743797	0.8508428062	2.345	0.046
20170706	1.9471121227	2.130	0.0	18.8	5.60	6.78	0.0	0.00	52.1	0.0	4.8	8.6	0.000	1.0954461282	0.8516659945	1.908	0.039
20170707	1.7689430867	1.977	3.8	18.9	3.53	4.60	0.0	0.00	51.3	1.0	4.0	8.6	0.000	0.9165279046	0.8524151821	1.734	0.035
20170708	2.0116954456	2.504	11.2	17.4	3.04	3.83	0.0	0.00	56.4	3.1	5.1	8.6	0.000	1.1585984244	0.8530970212	1.978	0.033
20170709	1.6914382420	2.159	1.0	16.3	3.23	3.97	0.0	0.00	53.9	0.3	3.7	8.6	0.000	0.8377206757	0.8537175663	1.662	0.029
20170710	1.3777205763	1.702	0.0	17.8	3.01	3.90	0.0	0.00	50.9	0.0	2.3	8.6	0.000	0.523438249	0.8542823273	1.352	0.025
20170711	1.2370114053	1.526	2.5	19.5	4.02	5.42	0.0	0.00	48.8	0.6	1.7	8.7	0.000	0.3822150863	0.8547963189	1.214	0.023
20170712	1.0497878069	1.457	1.0	18.7	4.64	6.59	0.0	0.00	44.9	0.2	0.9	8.7	0.000	0.1945237017	0.8552641052	1.030	0.020
20170713	1.3404293001	2.601	11.4	14.4	2.89	4.10	0.0	0.00	50.8	2.6	2.1	8.7	0.000	0.4847394605	0.8556898397	1.321	0.020
20170714	1.2925828129	2.126	4.3	13.4	1.27	1.69	0.0	0.00	52.7	1.1	1.9	8.7	0.000	0.4365055103	0.8560773026	1.275	0.018
20170715	1.0767303733	1.834	0.5	17.3	3.76	4.96	0.0	0.00	49.3	0.1	1.0	8.7	0.000	0.2203004388	0.8564299345	1.061	0.016
20170716	0.9114843213	1.358	0.8	18.8	4.35	6.11	0.0	0.00	45.6	0.2	0.2	8.7	0.000	0.0547334548	0.8567508665	0.897	0.014
20170717	1.1893885549	1.675	10.4	19.7	3.32	4.68	0.0	0.00	50.3	2.4	1.5	8.7	0.000	0.3323456067	0.8570429482	1.175	0.014
20170718	0.9910602341	1.485	0.5	19.7	3.79	5.25	0.0	0.00	46.8	0.1	0.6	8.7	0.000	0.1337514609	0.8573087731	0.979	0.012
20170719	0.8389610158	1.077	0.3	20.2	4.19	6.23	0.0	0.00	42.9	0.1	0.0	8.5	0.000	0.000	0.8389610158	0.828	0.011
20170720	0.7686065677	0.887	0.3	19.9	3.72	6.04	0.0	0.00	39.4	0.1	0.0	7.8	0.000	0.000	0.7686065677	0.758	0.010
20170721	0.6995124827	0.718	0.0	19.6	4.02	7.11	0.0	0.00	35.4	0.0	0.0	7.1	0.000	0.000	0.6995124827	0.690	0.009
20170722	0.6404082205	0.594	0.3	18.6	2.90	5.71	0.0	0.00	32.7	0.0	0.0	6.5	0.000	0.000	0.6404082205	0.632	0.008
20170723	0.5861950329	0.516	0.3	16.9	2.57	5.45	0.0	0.00	30.4	0.0	0.0	5.9	0.000	0.000	0.5861950329	0.579	0.008
20170724	0.8681751000	1.085	15.2	12.5	2.33	4.41	0.0	0.00	41.0	2.3	1.1	6.2	0.000	0.2573662992	0.6108088008	0.861	0.008
20170725	0.7843077412	1.404	3.0	13.5	2.66	4.39	0.0	0.00	40.8	0.5	0.7	6.4	0.000	0.1510978335	0.6332099077	0.777	0.007
20170726	0.6439153970	0.819	0.5	15.9	3.38	5.75	0.0	0.00	37.9	0.1	0.0	6.5	0.000	0.000	0.643915397	0.638	0.006
20170727	0.6000024699	0.717	1.0	16.8	2.67	4.87	0.0	0.00	36.1	0.2	0.0	6.1	0.000	0.000	0.6000024699	0.594	0.006
20170728	0.5657393817	0.614	1.5	14.9	3.42	6.51	0.0	0.00	33.9	0.2	0.0	5.7	0.000	0.000	0.5657393817	0.561	0.005
20170729	0.5148820946	0.451	0.0	14.7	2.45	5.05	0.0	0.00	31.5	0.0	0.0	5.2	0.000	0.000	0.5148820946	0.510	0.005
20170730	0.4685966364	0.361	0.0	15.8	3.28	7.27	0.0	0.00	28.2	0.0	0.0	4.7	0.000	0.000	0.4685966364	0.464	0.004
20170731	0.4353752075	0.335	1.0	18.3	1.28	3.12	0.0	0.00	27.8	0.1	0.0	4.4	0.000	0.000	0.4353752075	0.432	0.004
20170801	0.3988534495	0.306	0.3	18.9	1.60	4.00	0.0	0.00	26.5	0.0	0.0	4.0	0.000	0.000	0.3988534495	0.395	0.004
20170802	0.3629984162	0.233	0.0	19.7	1.68	4.43	0.0	0.00	24.8	0.0	0.0	3.7	0.000	0.000	0.3629984162	0.360	0.003
20170803	0.4684221207	0.809	11.2	19.8	2.73	6.39	0.0	0.00	32.1	1.2	0.3	4.1	0.000	0.0607456194	0.4076765013	0.465	0.003
20170804	0.4059097774	0.534	1.0	19.7	2.71	5.81	0.0	0.00	30.2	0.1	0.0	4.1	0.000	0.000	0.4059097774	0.403	0.003
20170805	1.6203157660	3.876	35.6	16.1	2.69	4.22	0.0	0.00	56.0	7.2	5.2	4.5	0.000	1.1735854314	0.4467303346	1.617	0.003
20170806	1.4296730741	1.810	2.8	13.7	5.07	6.21	0.0	0.00	52.9	0.8	4.2	4.9	0.000	0.9457917567	0.4838813174	1.427	0.003
20170807	1.3319253775	1.045	4.1	15.1	4.20	5.39	0.0	0.00	51.7	1.1	3.6	5.2	0.000	0.8142327744	0.517692603	1.329	0.003
20170808	1.1225806000	0.939	1.5	15.0	4.87	6.51	0.0	0.00	47.9	0.4	2.5	5.6	0.000	0.5741161855	0.5484644145	1.120	0.002
20170809	0.9389623862	0.635	1.3	16.1	4.47	6.43	0.0	0.00	44.5	0.3	1.6	5.8	0.000	0.3624924002	0.576469986	0.937	0.002
20170810	0.7565204587	0.474	0.5	18.1	2.62	4.09	0.0	0.00	42.3	0.1	0.7	6.1	0.000	0.1545624692	0.6019579895	0.755	0.002
20170811	0.6139599342	0.411	0.3	18.9	3.21	5.28	0.0	0.00	39.3	0.1	0.0	6.2	0.000	0.000	0.6139599342	0.612	0.002
20170812	0.9814166849	0.846	13.7	18.5	2.11	3.28	0.0	0.00	48.2	2.7	1.5	6.4	0.000	0.3453389158	0.6360777691	0.980	0.002
20170813	0.9551001391	0.794	4.1	16.4	2.38	3.34	0.0	0.00	48.9	1.0	1.3	6.6	0.000	0.2988928234	0.6562073156	0.954	0.001
20170814	0.7801395689	0.488	0.5	16.7	3.08	4.38	0.0	0.00	46.2	0.1	0.5	6.8	0.000	0.1056122575	0.6745273114	0.779	0.001
20170815	1.5396680994	1.252	19.1	17.7	3.41	4.47	0.0	0.00	56.9	5.0	3.7	7.0	0.000	0.848467673	0.6912004264	1.538	0.001
20170816	1.2921263241	1.054	1.0	13.4	3.34	4.06	0.0	0.00	54.3	0.3	2.6	7.2	0.000	0.5857516166	0.7063747074	1.291	0.001
20170817	1.0382986504	0.559	0.0	14.0	2.91	3.74	0.0	0.00	51.4	0.0	1.4	7.3	0.000	0.3181137578	0.7201848926	1.037	0.001
20170818	1.6096893999	1.676	14.7	15.0	2.00	2.46	0.0	0.00	59.9	4.2	3.9	7.4	0.000	0.8769357923	0.7327536076	1.609	0.001
20170819	1.3751157759	1.056	1.3	18.5	4.68	5.41	0.0	0.00	56.1	0.4	2.8	7.5	0.000	0.6309233211	0.7441924547	1.374	0.001
20170820	1.1619120356	0.738	1.0	16.9	4.59	5.67	0.0	0.00	52.3	0.3	1.8	7.6	0.000	0.4073090318	0.7546030038	1.161	0.001
20170821	0.9602717566	0.521	0.5	18.8	3.73	4.97	0.0	0.00	48.9	0.1	0.9	7.7	0.000	0.1961940628	0.7640776939	0.960	0.001
20170822	1.0629201863	0.592	6.4	20.2	3.49	4.75	0.0	0.00	50.2	1.6	1.3	7.8	0.000	0.2902195321	0.7727006542	1.062	0.001
20170823	0.8799619655	0.589	0.5	15.4	4.03	5.58	0.0	0.00	46.6	0.1	0.4	7.9	0.000	0.0994135142	0.7805484513	0.879	0.001
20170824	0.7497197181	0.389	0.0	13.8	3.30	4.95	0.0	0.00	43.3	0.0	0.0	7.6	0.000	0.000	0.7497197181	0.749	0.001
20170825	0.6823234714	0.340	0.0	12.4	2.45	3.94	0.0	0.00	40.8	0.0	0.0	6.9	0.000	0.000	0.6823234714	0.682	0.001
20170826	0.6209858276	0.309	0.0	12.4	2.48	4.24	0.0	0.00	38.4	0.0	0.0	6.3	0.000	0.000	0.6209858276	0.621	0.000
20170827	0.5651621470	0.263	0.0	13.2	2.80	5.09	0.0	0.00	35.6	0.0	0.0	5.7	0.000	0.000	0.565162147	0.565	0.000
20170828	0.5143567506	0.216	0.0	13.8	2.76	5.42	0.0	0.00	32.8	0.0	0.0	5.2	0.000	0.000	0.5143567506	0.514	0.000
20170829	0.4681185183	0.198	0.0	13.0	1.91	4.06	0.0	0.00	30.9	0.0	0.0	4.7	0.000	0.000	0.4681185183	0.468	0.000
20170830	0.4260368838	0.178	0.0	13.9	2.13	4.80	0.0	0.00	28.8	0.0	0.0	4.3	0.000	0.000	0.4260368838	0.426	0.000
20170831	0.3877381886	0.172	0.0	11.5	1.35	3.27	0.0	0.00	27.4	0.0	0.0	3.9	0.000	0.000	0.3877381886	0.387	0.000
20170901	0.3528823645	0.174	0.0	7.7	2.31	5.87	0.0	0.00	25.1	0.0	0.0	3.6	0.000	0.000	0.3528823645	0.353	0.000
20170902	0.3211599136	0.145	0.0	10.0	2.02	5.60	0.0	0.00	23.1	0.0	0.0	3.3	0.000	0.000	0.3211599136	0.321	0.000
20170903	1.1039445146	1.340	32.0	10.2	1.54	2.92	0.0	0.00	48.7	4.8	3.2	3.7	0.000	0.7343454329	0.3695990817	1.104	0.000
20170904	1.0189016573	1.861	3.8	14.7	3.51	4.88	0.0	0.00	48.1	0.9	2.7	4.2	0.000	0.605217859	0.4136837983	1.019	0.000
20170905	1.5169386132	2.189	15.0	14.6	2.38	3.10	0.0	0.00	56.8	3.9	4.7	4.6	0.000	1.0631331052	0.4538055079	1.517	0.000
20170906	1.5094371452	1.723	5.6	12.8	1.90	2.26	0.0	0.00	58.8	1.7	4.5	5.0	0.000	1.019116679	0.4903204662	1.509	0.000
20170907	1.5849541884	1.505	6.6	12.7	3.04	3.47	0.0	0.00	60.3	2.1	4.7	5.3	0.000	1.0614012855	0.5235529029	1.585	0.000
20170908	1.3178995488	1.122	1.0	11.4	2.63	3.03	0.0	0.00	58.3	0.3	3.4	5.6	0.000	0.7641016476	0.5537979012	1.318	0.000
20170909	1.1285938737	0.983	1.5	11.4	3.86	4.57	0.0	0.00	55.5	0.5	2.4	5.9	0.000	0.5472698562	0.5813240175	1.128	0.000
20170910	0.9604115079	0.746	1.3	11.8	2.86	3.57	0.0	0.00	53.6	0.4	1.6	6.1	0.000	0.3540358413	0.6063756666	0.960	0.000
20170911	0.7731147303	0.548	0.3	14.0	3.23	4.19	0.0	0.00	50.6	0.1	0.6	6.4	0.000	0.1439394391	0.6291752912	0.773	0.000
20170912	0.6360873714	0.440	0.3	14.8	3.44	4.74	0.0	0.00	47.4	0.1	0.0	6.4	0.000	0.000	0.6360873714	0.636	0.000
20170913	0.5789061337	0.368	0.0	16.3	3.13	4.62	0.0	0.00	44.2	0.0	0.0	5.9	0.000	0.000	0.5789061337	0.579	0.000
20170914	0.5268652180	0.350	0.0	16.5	1.80	2.84	0.0	0.00	42.4	0.0	0.0	5.3	0.000	0.000	0.526865218	0.527	0.000
20170915	0.4795025338	0.308	0.0	19.5	2.37	3.90	0.0	0.00	40.1	0.0	0.0	4.9	0.000	0.000	0.4795025338	0.479	0.000
20170916	0.4363975303	0.275	0.0	19.2	2.39	4.17	0.0	0.00	37.7	0.0	0.0	4.4	0.000	0.000	0.4363975303	0.436	0.000
20170917	0.3971674622	0.257	0.0	18.3	2.18	4.05	0.0	0.00	35.5	0.0	0.0	4.0	0.000	0.000	0.3971674622	0.397	0.000
20170918	0.3614639911	0.236	0.0	19.6	1.27	2.50	0.0	0.00	34.2	0.0	0.0	3.7	0.000	0.000	0.3614639911	0.361	0.000
20170919	0.3289700927	0.217	0.0	18.2	0.81	1.65	0.0	0.00	33.4	0.0	0.0	3.3	0.000	0.000	0.3289700927	0.329	0.000
20170920	0.2993972417	0.201	0.0	18.3	1.95	4.07	0.0	0.00	31.5	0.0	0.0	3.0	0.000	0.000	0.2993972417	0.299	0.000
20170921	0.2756411006	0.166	0.3	17.6	2.25	4.97	0.0	0.00	29.5	0.0	0.0	2.8	0.000	0.000	0.2756411006	0.276	0.000
20170922	0.2508622730	0.131	0.0	16.6	1.75	4.13	0.0	0.00	27.7	0.0	0.0	2.5	0.000	0.000	0.250862273	0.251	0.000
20170923	0.2283109445	0.125	0.0	17.7	1.44	3.62	0.0	0.00	26.3	0.0	0.0	2.3	0.000	0.000	0.2283109445	0.228	0.000
20170924	0.2077868735	0.118	0.0	21.6	1.55	4.12	0.0	0.00	24.7	0.0	0.0	2.1	0.000	0.000	0.2077868735	0.208	0.000
20170925	0.1891078191	0.119	0.0	22.5	1.62	4.57	0.0	0.00	23.1	0.0	0.0	1.9	0.000	0.000	0.1891078191	0.189	0.000
20170926	0.1721079231	0.147	0.0	22.2	1.30	3.92	0.0	0.00	21.8	0.0	0.0	1.7	0.000	0.000	0.1721079231	0.172	0.000
20170927	0.1690904300	0.121	2.0	22.1	1.24	3.79	0.0	0.00	22.4	0.1	0.0	1.7	0.000	0.000	0.16909043	0.169	0.000
20170928	0.1635317866	0.141	1.5	13.0	1.47	4.44	0.0	0.00	22.4	0.1	0.0	1.7	0.000	0.000	0.1635317866	0.164	0.000
20170929	0.1488310547	0.133	0.0	8.1	1.35	4.22	0.0	0.00	21.0	0.0	0.0	1.5	0.000	0.000	0.1488310547	0.149	0.000
20170930	0.1371593702	0.147	0.3	6.8	0.56	1.84	0.0	0.00	20.7	0.0	0.0	1.4	0.000	0.000	0.1371593702	0.137	0.000
