Date	Qsim	Qobs	Precipitation	Temperature	AET	PET	Snow	Snowcover	SM	Recharge	SUZ	SLZ	Q0	Q1	Q2	Qsim_rain	Qsim_snow
20151001	3.584946202	1.674	0	7.9	2.27	2.27	0	0	69.7	0	8.7	4.1	0	2.972133697	0.612812505	2.39	0
20151002	2.856815014	0.888	0	5.9	1.68	1.68	0	0	68	0	6.4	4.5	0	2.183126565	0.673688449	1.904	0
20151003	2.269272542	0.678	0	6.2	1.86	1.91	0	0	66.2	0	4.5	4.9	0	1.540180608	0.729091935	1.513	0
20151004	1.795771857	0.564	0	6.4	1.8	1.9	0	0	64.4	0	3	5.3	0	1.016256948	0.779514909	1.197	0
20151005	1.41472725	0.51	0	7.3	2.12	2.3	0	0	62.3	0	1.7	5.6	0	0.589322152	0.825405098	0.943	0
20151006	1.117793415	0.4785	0.1	8.6	2.47	2.77	0	0	59.8	0	0.7	5.9	0	0.250623439	0.867169976	0.745	0
20151007	0.88838958	0.471	0	10.8	1.75	2.04	0	0	58.1	0	0	6	0	0	0.88838958	0.592	0
20151008	0.80852757	0.462	0	7.1	1.5	1.8	0	0	56.6	0	0	5.5	0	0	0.80852757	0.539	0
20151009	2.183129474	1.794	17.1	7.1	1.07	1.19	0	0	67	5.7	3.9	5.7	0	1.331319816	0.851809658	1.455	0
20151010	1.768120989	1.092	0.3	4.9	1.99	2.07	0	0	65.2	0.1	2.6	6	0	0.876920098	0.891200891	1.179	0
20151011	1.40283041	0.7995	0	9.3	2.02	2.16	0	0	63.2	0	1.4	6.3	0	0.47577937	0.92705104	0.935	0
20151012	1.108576333	0.7005	0	13.4	2.12	2.34	0	0	61	0	0.4	6.5	0	0.148897903	0.95967843	0.739	0
20151013	1.333518088	0.7035	5	13.2	1.42	1.58	0	0	63	1.7	1	6.7	0	0.344145316	0.989372772	0.889	0
20151014	1.531146675	0.999	4.9	6	1.61	1.74	0	0	64.5	1.7	1.5	6.9	0	0.514748941	1.016397734	1.021	0
20151015	1.221646698	0.8085	0	6.4	2	2.16	0	0	62.5	0	0.5	7	0	0.180653418	1.04099328	0.814	0
20151016	1.177760242	0.8295	2.2	4.2	1.91	2.11	0	0	62.1	0.7	0.3	7.2	0	0.114382439	1.063377803	0.785	0
20151017	1.013047398	0.891	7.2	-0.6	2.04	2.3	4.1	1	60	0	0	6.8	0	0	1.013047398	0.675	0
20151018	0.921979242	0.846	0.8	-3.3	0	1.09	4.5	1	60	0	0	6.2	0	0	0.921979242	0.615	0
20151019	0.839097681	0.774	0.8	-2.3	0	2.01	5	1	60	0	0	5.7	0	0	0.839097681	0.559	0
20151020	1.125455664	0.8535	0.4	7.1	0	1.33	0	0	63.7	1.7	0.7	5.9	0	0.245824003	0.879631661	0.732	0.018
20151021	0.96371781	0.792	0.9	9.6	1.23	1.34	0	0	63	0.3	0.1	6.2	0	0.047195982	0.916521828	0.629	0.014
20151022	0.898333096	0.7425	1	10.5	1.02	1.12	0	0	62.7	0.3	0	6.1	0	0	0.898333096	0.586	0.013
20151023	0.83111696	0.6885	0.3	1.8	0.82	0.92	0	0	62	0.1	0	5.6	0	0	0.83111696	0.541	0.013
20151024	0.756403487	0.624	0	1.6	1.75	1.97	0	0	60.3	0	0	5.1	0	0	0.756403487	0.493	0.012
20151025	0.906764818	0.7785	3.8	6.4	1.36	1.54	0	0	61.5	1.2	0.3	5.4	0	0.102393535	0.804371283	0.584	0.021
20151026	0.807674098	0.714	0.8	1.8	1.27	1.44	0	0	60.8	0.3	0	5.5	0	0	0.807674098	0.52	0.018
20151027	0.735068027	0.648	0	2.4	0.92	1.05	0	0	59.9	0	0	5	0	0	0.735068027	0.474	0.016
20151028	2.335871325	1.416	18	3.1	0.91	0.97	0	0	70.5	6.4	4.6	5.3	0	1.550917546	0.784953779	1.484	0.073
20151029	3.924471429	5.889	16.9	10.5	1.72	1.72	0	0	78.2	7.5	9.1	5.6	0	3.09411639	0.830355039	2.501	0.116
20151030	3.154202736	2.148	1.5	1.2	1.04	1.04	0.8	1	77.2	0	6.7	5.9	0	2.282527795	0.871674941	2.01	0.092
20151031	2.638384767	1.545	0	1.8	0	1.32	0	0	77.6	0.4	5.1	6.1	0	1.729104388	0.90928038	1.681	0.077
20151101	2.229660832	1.3965	0.9	5.2	0.84	0.84	0	0	77.3	0.4	3.8	6.4	0	1.286155564	0.943505268	1.421	0.066
20151102	1.847872212	1.242	0.5	5.7	1.5	1.5	0	0	76	0.2	2.6	6.6	0	0.873218711	0.974653501	1.178	0.054
20151103	1.488247476	1.1895	0.1	8.2	1.05	1.05	0	0	75.1	0	1.4	6.8	0	0.485245821	1.003001655	0.949	0.043
20151104	1.185413368	1.119	0	7.5	1.26	1.26	0	0	73.8	0	0.5	6.9	0	0.156611922	1.028801445	0.756	0.034
20151105	0.998289898	1.104	0	11.9	1.51	1.51	0	0	72.3	0	0	6.7	0	0	0.998289898	0.637	0.029
20151106	0.914159906	1.0815	0.1	14.4	1.6	1.6	0	0	70.8	0	0	6.2	0	0	0.914159906	0.583	0.026
20151107	0.919291719	1.038	1.6	6.7	1.53	1.53	0	0	70.2	0.6	0	6.2	0	0	0.919291719	0.586	0.027
20151108	0.836651753	1.0365	0.6	1.1	1.66	1.66	0.3	1	68.5	0	0	5.6	0	0	0.836651753	0.533	0.024
20151109	0.778924413	0.99	0	3.9	0	0.95	0	0	68.7	0.1	0	5.3	0	0	0.778924413	0.497	0.023
20151110	0.708902802	0.954	0	5.1	1.33	1.35	0	0	67.4	0	0	4.8	0	0	0.708902802	0.452	0.021
20151111	0.670387162	0.963	0.5	6.2	0.91	0.94	0	0	66.8	0.2	0	4.5	0	0	0.670387162	0.427	0.02
20151112	1.554437594	1.29	9.8	5.4	1.3	1.3	0	0	71.5	3.8	2.4	4.9	0	0.828350176	0.726087418	0.988	0.048
20151113	2.642591411	2.592	11.8	3.6	1.49	1.49	0	0	76.6	5.1	5.5	5.2	0	1.865810927	0.776780484	1.685	0.077
20151114	2.104522995	2.631	4.9	-1.4	1.56	1.56	2.8	1	75	0	3.8	5.6	0	1.28160651	0.822916485	1.342	0.061
20151115	1.670455222	1.7085	0.2	0.3	0	1.24	2.9	1	75	0	2.4	5.8	0	0.805550145	0.864905077	1.065	0.049
20151116	1.320740534	1.6575	1	0.3	0	0.98	3.4	1	75	0	1.2	6.1	0	0.417621439	0.903119094	0.842	0.038
20151117	1.039404034	1.467	0	-0.8	0	0.81	3.4	1	75	0	0.3	6.3	0	0.101506181	0.937897853	0.663	0.03
20151118	0.893752243	1.314	0	0.7	0	1.22	3.4	1	75	0	0	6	0	0	0.893752243	0.57	0.026
20151119	1.926857477	1.3635	6.2	5.3	0	1.07	0	0	80.2	4.5	2.9	6.3	0	0.99748444	0.929373037	1.204	0.081
20151120	2.612490632	3.672	7.7	2.6	0.69	0.69	0	0	83.4	3.9	4.8	6.5	0	1.650698942	0.96179169	1.629	0.113
20151121	2.097612165	2.073	0	-0.1	1.25	1.25	0	0	82.1	0	3.2	6.7	0	1.106316104	0.991296061	1.309	0.089
20151122	1.70892292	1.7655	0.2	2.4	1.08	1.08	0	0	81.1	0.1	2	6.9	0	0.690774792	1.018148128	1.068	0.071
20151123	1.366679646	1.548	1.6	-5.1	0.94	0.94	0.9	1	80.2	0	1	7	0	0.324093324	1.042586322	0.855	0.056
20151124	1.09011965	1.3545	0	-7	0	0.38	0.9	1	80.2	0	0.1	7.2	0	0.025292012	1.064827638	0.683	0.043
20151125	0.979112973	1.356	0	-3.3	0	0.52	0.9	1	80.2	0	0	6.6	0	0	0.979112973	0.614	0.039
20151126	0.89109536	1.3545	0	1.1	0	0.48	0.9	1	80.2	0	0	6	0	0	0.89109536	0.559	0.035
20151127	0.933095372	1.377	0.9	5.7	0	1.19	0	0	81.1	0.9	0	6.3	0	0.006140377	0.926954996	0.583	0.039
20151128	0.846055943	1.515	1.2	0.3	1.05	1.05	0.7	1	80.1	0	0	5.7	0	0	0.846055943	0.529	0.035
20151129	0.769999527	1.3545	0.6	-5.4	0	0.29	1	1	80.1	0	0	5.2	0	0	0.769999527	0.482	0.032
20151130	0.700780221	1.1895	0.1	-6.7	0	0.22	1.1	1	80.1	0	0	4.7	0	0	0.700780221	0.438	0.029
20151201	0.637783403	1.329	8.2	-4.3	0	0.65	5.7	1	80.1	0	0	4.3	0	0	0.637783403	0.399	0.026
20151202	3.408813006	4.725	19.8	1.5	0	0.72	5.4	1	89.5	10.6	8	4.7	0	2.712398424	0.696414582	2.115	0.157
20151203	2.721248639	4.2345	9.4	1.1	0	1.31	10.7	1	89.5	0	5.8	5.1	0	1.971473543	0.749775096	1.689	0.125
20151204	2.166047592	2.634	3.3	-0.6	0	1.15	12.6	1	89.5	0	4	5.4	0	1.36770884	0.798338752	1.345	0.099
20151205	1.718249959	2.4615	0.8	0.4	0	0.85	13	1	89.5	0	2.6	5.7	0	0.875713192	0.842536767	1.067	0.079
20151206	1.357557476	2.2785	0	-0.1	0	0.95	13	1	89.5	0	1.4	6	0	0.474795887	0.882761589	0.843	0.062
20151207	1.067466873	2.1225	0	-0.7	0	1.2	13	1	89.5	0	0.4	6.2	0	0.148096483	0.919370391	0.663	0.048
20151208	0.895326536	2.0355	0.5	-2.1	0	0.41	13.3	1	89.5	0	0	6	0	0	0.895326536	0.557	0.04
20151209	0.814840927	2.019	0	0.4	0	0.68	13.3	1	89.5	0	0	5.5	0	0	0.814840927	0.507	0.037
20151210	2.426726042	2.2275	0	4.2	0	0.74	2.4	1	93.9	6.5	4.6	5.8	0	1.569170569	0.857555474	1.391	0.226
20151211	2.352785761	2.3325	0	5.2	0	0.65	0	0	94.8	1.5	4.3	6.1	0	1.456355576	0.896430186	1.341	0.228
20151212	1.932164325	2.1165	0.3	3.6	0.33	0.33	0	0	94.6	0.2	2.9	6.3	0	1.00035408	0.931810245	1.105	0.183
20151213	1.592595798	1.9245	0.3	1.4	0.88	0.88	0	0	93.8	0.2	1.8	6.5	0	0.628585993	0.964009805	0.914	0.148
20151214	1.525167659	1.875	1.5	3.7	0.64	0.64	0	0	93.8	0.9	1.6	6.7	0	0.531852882	0.993314778	0.872	0.145
20151215	3.051630036	3.3405	10.4	3.7	0.54	0.54	0	0	97	6.6	6	6.9	0	2.031644664	1.019985372	1.715	0.319
20151216	2.460999476	2.553	0.8	-1.5	0.95	0.95	0.5	1	96.1	0	4.2	7	0	1.41674107	1.044258406	1.387	0.254
20151217	3.020476519	2.406	5.3	2.1	0	0.6	0	0	98.1	3.7	5.7	7.2	0	1.954127109	1.06634941	1.698	0.316
20151218	2.77180584	3.1335	1.8	1.3	1.02	1.02	0	0	97.7	1.2	4.9	7.3	0	1.685351303	1.086454537	1.559	0.289
20151219	2.239305921	2.415	5.8	-4.2	0.82	0.82	3.3	1	96.8	0	3.3	7.5	0	1.134553612	1.104752309	1.262	0.231
20151220	1.80712491	2.2095	0.5	-6.5	0	0.36	3.6	1	96.8	0	2	7.6	0	0.685719712	1.121405198	1.02	0.185
20151221	1.456535113	2.169	1.3	-3.4	0	0.58	4.3	1	96.8	0	0.9	7.7	0	0.319974042	1.136561071	0.824	0.147
20151222	5.937765786	7.107	20.6	2.7	0	0.24	0	0	104.6	17.2	14	7.8	0	4.787411283	1.150354503	3.322	0.637
20151223	6.448277395	5.4405	7.9	4.8	1.01	1.01	0	0	105.6	5.8	15.5	7.8	0	5.285369424	1.162907971	3.618	0.681
20151224	7.143404764	8.244	9.1	7.1	1.04	1.04	0	0	106.8	6.8	17.5	7.9	0	5.969071823	1.174332941	4.031	0.731
20151225	5.810001704	5.0325	0	3.7	1.27	1.27	0	0	105.5	0	13.6	8	0	4.625270843	1.184730861	3.279	0.594
20151226	4.724428655	4.233	0	-0.1	1.48	1.48	0	0	104.1	0	10.4	8.1	0	3.530234597	1.194194058	2.667	0.483
20151227	3.84071826	6.4575	11.7	-1.5	0.74	0.74	6.6	1	103.3	0	7.7	8.1	0	2.637911703	1.202806557	2.168	0.392
20151228	3.121420655	5.0355	1.8	-8.5	0	0.69	7.6	1	103.3	0	5.6	8.2	0	1.910775821	1.210644834	1.762	0.319
20151229	2.536025981	4.593	26.9	-8.4	0	0.26	22.8	1	103.3	0	3.9	8.2	0	1.318247493	1.217778487	1.432	0.259
20151230	2.059679	4.1025	3.3	-4	0	1.1	24.6	1	103.3	0	2.5	8.3	0	0.835408141	1.224270859	1.163	0.21
20151231	1.672131713	3.9645	3.3	-1.4	0	0.6	26.5	1	103.3	0	1.3	8.3	0	0.441952116	1.230179597	0.945	0.17
20160101	1.356889925	3.75	2.8	-3.1	0	0.77	28.1	1	103.3	0	0.4	8.3	0	0.121332758	1.235557167	0.767	0.138
20160102	1.172498961	3.5085	0.8	-4.5	0	0.84	28.5	1	103.3	0	0	7.9	0	0	1.172498961	0.662	0.119
20160103	1.067096866	3.3375	1.8	-5	0	0.53	29.5	1	103.3	0	0	7.2	0	0	1.067096866	0.603	0.108
20160104	0.971169919	3.1725	1	-13.8	0	0.76	30.1	1	103.3	0	0	6.6	0	0	0.971169919	0.549	0.099
20160105	0.883866349	3.033	0.3	-17.5	0	1.25	30.3	1	103.3	0	0	6	0	0	0.883866349	0.499	0.09
20160106	0.804410957	2.8785	0	-10.3	0	0.64	30.3	1	103.3	0	0	5.4	0	0	0.804410957	0.455	0.082
20160107	0.732098227	2.7	0	-5.6	0	0.7	30.3	1	103.3	0	0	4.9	0	0	0.732098227	0.414	0.074
20160108	0.666286069	2.6295	0	-5.2	0	0.85	30.3	1	103.3	0	0	4.5	0	0	0.666286069	0.376	0.068
20160109	0.606390111	2.5905	0	-0.6	0	0.59	30.3	1	103.3	0	0	4.1	0	0	0.606390111	0.343	0.062
20160110	7.047414622	10.2735	31.5	2	0	0.37	30.3	1	110.9	23.8	18.7	4.5	0	6.379571224	0.667843398	4.098	0.6
20160111	5.68355083	8.331	1.8	-5.9	0	1.44	31.4	1	110.9	0	14.6	4.9	0	4.959778504	0.723772326	3.304	0.485
20160112	4.577491634	4.704	0.3	-7.2	0	0.35	31.5	1	110.9	0	11.2	5.2	0	3.802818126	0.774673508	2.66	0.391
20160113	3.681033425	3.9285	3.3	-13.2	0	1.53	33.4	1	110.9	0	8.4	5.5	0	2.860034509	0.820998915	2.138	0.316
20160114	2.954939092	3.5505	0.5	-13.2	0	0.87	33.7	1	110.9	0	6.1	5.8	0	2.091779204	0.863159888	1.716	0.254
20160115	2.36727428	3.309	0	-9.7	0	0.73	33.7	1	110.9	0	4.3	6.1	0	1.46574349	0.90153079	1.374	0.204
20160116	1.892051976	3.186	4.6	-2.6	0	0.51	36.3	1	110.9	0	2.8	6.3	0	0.955599646	0.936452329	1.097	0.164
20160117	1.508128332	3.024	0.3	-7.1	0	1.26	36.4	1	110.9	0	1.6	6.5	0	0.539893743	0.968234588	0.874	0.131
20160118	1.198303182	2.817	5.3	-11.7	0	0.4	39.4	1	110.9	0	0.6	6.7	0	0.201143409	0.997159773	0.694	0.105
20160119	0.987114193	2.6475	2	-15.4	0	0.67	40.5	1	110.9	0	0	6.7	0	0	0.987114193	0.571	0.087
20160120	0.898377309	2.4555	1.3	-12	0	0.91	41.3	1	110.9	0	0	6.1	0	0	0.898377309	0.52	0.079
20160121	0.81761745	2.334	0.8	-13.8	0	0.9	41.7	1	110.9	0	0	5.5	0	0	0.81761745	0.473	0.072
20160122	0.744117519	2.187	0	-11.8	0	1.01	41.7	1	110.9	0	0	5	0	0	0.744117519	0.431	0.066
20160123	0.677224884	2.0745	0	-11	0	1.07	41.7	1	110.9	0	0	4.6	0	0	0.677224884	0.392	0.06
20160124	0.616345579	1.902	0	-10.1	0	0.98	41.7	1	110.9	0	0	4.2	0	0	0.616345579	0.357	0.054
20160125	0.560939034	1.758	0	-6	0	1.19	41.7	1	110.9	0	0	3.8	0	0	0.560939034	0.325	0.049
20160126	0.510513276	1.734	1.8	-1.8	0	0.78	42.7	1	110.9	0	0	3.4	0	0	0.510513276	0.295	0.045
20160127	0.464620554	1.7235	0.8	-5.7	0	1.47	43.2	1	110.9	0	0	3.1	0	0	0.464620554	0.269	0.041
20160128	0.42285337	1.683	0.3	-6.9	0	1.33	43.4	1	110.9	0	0	2.9	0	0	0.42285337	0.245	0.037
20160129	0.384840857	1.5975	0	-3.2	0	1	43.4	1	110.9	0	0	2.6	0	0	0.384840857	0.223	0.034
20160130	0.35024549	1.542	0	-4.9	0	1.16	43.4	1	110.9	0	0	2.4	0	0	0.35024549	0.203	0.031
20160131	0.318760081	1.4805	0	-0.2	0	0.95	43.4	1	110.9	0	0	2.2	0	0	0.318760081	0.184	0.028
20160201	0.290105062	1.971	0	2.1	0	0.76	43.4	1	110.9	0	0	2	0	0	0.290105062	0.168	0.026
20160202	0.264025993	1.884	0	-3.8	0	0.85	43.4	1	110.9	0	0	1.8	0	0	0.264025993	0.153	0.023
20160203	0.240291308	2.97	11.4	-1.8	0	0.43	49.8	1	110.9	0	0	1.6	0	0	0.240291308	0.139	0.021
20160204	0.218690259	3.3765	0.5	1.2	0	0.93	50.1	1	110.9	0	0	1.5	0	0	0.218690259	0.127	0.019
20160205	0.199031042	2.4	0.3	-5.4	0	0.87	50.2	1	110.9	0	0	1.3	0	0	0.199031042	0.115	0.018
20160206	0.181139096	1.9395	0	-5.5	0	0.98	50.2	1	110.9	0	0	1.2	0	0	0.181139096	0.105	0.016
20160207	0.16485555	1.737	0	-3.7	0	0.48	50.2	1	110.9	0	0	1.1	0	0	0.16485555	0.095	0.015
20160208	0.150035818	1.5435	1.5	-7.1	0	0.79	51.1	1	110.9	0	0	1	0	0	0.150035818	0.087	0.013
20160209	0.13654831	1.374	3.3	-6.8	0	0.5	52.9	1	110.9	0	0	0.9	0	0	0.13654831	0.079	0.012
20160210	0.124273264	1.341	1	-4.8	0	0.54	53.5	1	110.9	0	0	0.8	0	0	0.124273264	0.072	0.011
20160211	0.113101687	1.3065	1	-14.5	0	0.3	54.1	1	110.9	0	0	0.8	0	0	0.113101687	0.065	0.01
20160212	0.102934382	1.2675	0	-16.6	0	0.35	54.1	1	110.9	0	0	0.7	0	0	0.102934382	0.06	0.009
20160213	0.093681069	1.257	1.3	-21.1	0	0.49	54.8	1	110.9	0	0	0.6	0	0	0.093681069	0.054	0.008
20160214	0.085259585	1.245	0	-25.3	0	0.67	54.8	1	110.9	0	0	0.6	0	0	0.085259585	0.049	0.008
20160215	0.077595153	1.2345	0	-17.7	0	0.3	54.8	1	110.9	0	0	0.5	0	0	0.077595153	0.045	0.007
20160216	0.070619717	5.2035	29.7	-1.9	0	0.39	71.5	1	110.9	0	0	0.5	0	0	0.070619717	0.041	0.006
20160217	0.064271339	4.8225	0	-4.7	0	1.21	71.5	1	110.9	0	0	0.4	0	0	0.064271339	0.037	0.006
20160218	0.058493651	2.3355	0	-10.4	0	1.16	71.5	1	110.9	0	0	0.4	0	0	0.058493651	0.034	0.005
20160219	0.053235349	1.9935	4.8	-8.5	0	1.58	74.2	1	110.9	0	0	0.4	0	0	0.053235349	0.031	0.005
20160220	0.048449744	1.8315	11.2	-0.5	0	0.87	80.6	1	110.9	0	0	0.3	0	0	0.048449744	0.028	0.004
20160221	0.044094341	1.983	2.3	-2.5	0	1.11	81.9	1	110.9	0	0	0.3	0	0	0.044094341	0.026	0.004
20160222	0.040130469	1.8345	0.3	-10.1	0	1.45	82	1	110.9	0	0	0.3	0	0	0.040130469	0.023	0.004
20160223	0.03652293	1.662	0	-9.6	0	1	82	1	110.9	0	0	0.2	0	0	0.03652293	0.021	0.003
20160224	0.033239692	3.831	32.5	-1.9	0	0.34	100.3	1	110.9	0	0	0.2	0	0	0.033239692	0.019	0.003
20160225	4.433147602	20.865	28.7	1.6	0	0.41	109.1	1	114.5	16.3	12.6	1	0	4.286931119	0.146216483	2.623	0.332
20160226	3.503565594	7.554	1	-9.5	0	1.3	109.7	1	114.5	0	9.6	1.7	0	3.254528398	0.249037196	2.073	0.263
20160227	2.755859112	5.4285	0	-8.6	0	1.37	109.7	1	114.5	0	7.1	2.3	0	2.413244297	0.342614815	1.631	0.207
20160228	2.155479144	4.6275	1	1.4	0	1.26	110.7	1	114.5	0	5.1	2.9	0	1.727698894	0.42778025	1.275	0.162
20160229	2.480492939	4.7355	4.8	1.7	0	1.26	112	1	115.1	2.9	5.8	3.4	0	1.975203223	0.505289716	1.467	0.187
20160301	1.946579529	4.3365	0.3	-7.6	0	0.66	112.2	1	115.1	0	4	3.9	0	1.370748081	0.575831448	1.151	0.146
20160302	1.518221622	3.84	13.7	-7.6	0	0.59	119.9	1	115.1	0	2.6	4.3	0	0.878189808	0.640031814	0.898	0.114
20160303	1.175274903	3.552	0.3	-14.5	0	0.69	120.1	1	115.1	0	1.4	4.7	0	0.476814032	0.698460871	0.695	0.088
20160304	0.901378461	3.306	0	-13	0	0.48	120.1	1	115.1	0	0.4	5.1	0	0.149741028	0.751637433	0.533	0.068
20160305	0.743322738	2.976	0	-10.4	0	0.9	120.1	1	115.1	0	0	5	0	0	0.743322738	0.44	0.056
20160306	0.676501549	2.7315	0	-5.6	0	0.94	120.1	1	115.1	0	0	4.6	0	0	0.676501549	0.4	0.051
20160307	0.615687269	2.6865	2.8	-3.1	0	0.21	121.7	1	115.1	0	0	4.2	0	0	0.615687269	0.364	0.046
20160308	0.560339903	2.688	0	3.1	0	1.15	121.7	1	115.1	0	0	3.8	0	0	0.560339903	0.331	0.042
20160309	6.965624781	5.244	0	8.8	0	1.18	94.3	1	118.7	23.7	18.6	4.2	0	6.339691895	0.625932885	3.384	1.26
20160310	12.51056556	14.388	15.5	4.1	0	0.54	82.3	1	121.4	24.8	34.7	4.6	0	11.82493619	0.685629369	5.792	2.549
20160311	10.13705573	12.879	1.5	-0.8	0	0.7	83.1	1	121.4	0	27.6	5	0	9.397096305	0.739959422	4.699	2.059
20160312	10.28723516	9.933	0	3.3	0	1.08	75	1	122.1	7.5	27.9	5.3	0	9.497829696	0.789405461	4.694	2.165
20160313	9.690343182	10.0185	0	2.5	0	1.41	69.7	1	122.5	4.9	26	5.6	0	8.855936646	0.834406536	4.365	2.095
20160314	7.85308084	8.1255	4.8	-1.4	0	0.45	72.4	1	122.5	0	20.5	5.9	0	6.977718612	0.875362228	3.543	1.692
20160315	8.723996845	8.0835	1.3	3.3	0	0.27	64.6	1	123.1	8.5	22.9	6.2	0	7.811360649	0.912636197	3.793	2.023
20160316	16.11989338	11.5335	5.8	7	0	1.05	40.3	1	124.7	28.5	40.4	6.4	1.136730735	14.03660323	0.946559413	6.183	4.563
20160317	19.6828177	13.41	1.3	5.7	0	0.99	21.7	1	125.5	19.1	46.2	6.6	2.412775245	16.29260936	0.977433093	7.046	6.076
20160318	13.91569143	9.432	1.8	-2.7	0	0.98	22.7	1	125.5	0	36.7	6.8	0.319100713	12.59105934	1.005531375	5.004	4.273
20160319	10.99342633	7.695	0.5	-6.2	0	1.17	23	1	125.5	0	29.2	7	0	9.962322577	1.031103755	3.965	3.364
20160320	8.933667434	6.8655	0	-4.3	0	1.31	23	1	125.5	0	23.1	7.1	0	7.879290135	1.0543773	3.231	2.725
20160321	7.257427781	6.366	0	-1.1	0	1.21	23	1	125.5	0	18.1	7.3	0	6.181869119	1.075558663	2.633	2.205
20160322	5.893510978	5.5515	0	-2.4	0	1.13	23	1	125.5	0	14.1	7.4	0	4.798675056	1.094835922	2.146	1.783
20160323	4.783918431	5.352	1.5	0	0	0.99	23.8	1	125.5	0	10.8	7.5	0	3.671538184	1.112380247	1.748	1.441
20160324	3.881404559	4.899	4.1	-3.1	0	0.38	26.1	1	125.5	0	8.1	7.6	0	2.753057139	1.12834742	1.425	1.163
20160325	3.147484728	5.4525	5.8	-0.2	0	0.43	29.4	1	125.5	0	5.9	7.7	0	2.004605508	1.142879221	1.161	0.937
20160326	2.550812089	5.2845	0	1.2	0	1.24	29.4	1	125.5	0	4.1	7.8	0	1.394707408	1.156104681	0.946	0.755
20160327	4.791704318	5.013	0	4.4	0	0.5	19.2	1	125.9	9.8	10.6	7.9	0	3.623563083	1.168141235	1.532	1.663
20160328	7.751437518	6.7215	13.7	1.4	0	0.26	18.6	1	126.3	13.9	19.3	8	0	6.572341758	1.17909576	2.437	2.73
20160329	6.305928839	6.7605	4.1	-2	0	0.93	20.9	1	126.3	0	15	8	0	5.116863314	1.189065525	1.991	2.213
20160330	5.128962417	5.196	0	1.4	0	1.91	20.9	1	126.3	0	11.5	8.1	0	3.930823362	1.198139056	1.627	1.792
20160331	9.846741413	5.1135	0	7.2	0	1.4	0	0	126.8	20.4	25.4	8.1	0	8.640344494	1.206396919	2.85	3.715
20160401	14.36378536	10.872	21.8	7.6	0.6	0.6	0	0	126.6	21.4	37.1	8.2	0.405703174	12.74416974	1.213912439	4.385	5.191
20160402	11.91586166	7.875	2.3	2.7	0.74	0.74	0	0	125.9	2.2	31.4	8.2	0	10.69510931	1.22075235	3.661	4.283
20160403	9.703400612	6.0525	1.3	-6.6	1.2	1.2	0.7	1	124.7	0	24.9	8.3	0	8.476423226	1.226977385	2.986	3.483
20160404	7.90110362	5.0685	0	-8.6	0	0.39	0.7	1	124.7	0	19.6	8.3	0	6.6684608	1.23264282	2.436	2.831
20160405	6.432987736	4.578	0	-7.8	0	0.79	0.7	1	124.7	0	15.2	8.4	0	5.195188778	1.237798958	1.988	2.301
20160406	5.237140782	4.2615	3.8	-3.6	0	0.6	2.9	1	124.7	0	11.7	8.4	0	3.994649198	1.242491584	1.622	1.87
20160407	9.022950075	7.2165	15	2.8	0	0.22	0	0	125.4	17.1	22.8	8.4	0	7.77618771	1.246762365	3.035	2.98
20160408	7.348502261	7.8315	8.4	-1.8	0.75	0.75	4.7	1	124.7	0	17.9	8.4	0	6.097853038	1.250649224	2.471	2.428
20160409	5.984398722	5.628	0.5	-3.8	0	1.57	5	1	124.7	0	13.9	8.5	0	4.730212051	1.254186672	2.012	1.978
20160410	4.873155185	4.8615	0.5	-4.4	0	1.86	5.3	1	124.7	0	10.6	8.5	0	3.615749065	1.25740612	1.638	1.611
20160411	3.96793187	5.0235	7.6	-0.1	0	1.22	9.6	1	124.7	0	7.9	8.5	0	2.707595714	1.260336155	1.333	1.312
20160412	7.912527673	9.417	13.7	2.4	0	0.54	5.7	1	125.4	16.9	19.5	8.5	0	6.649524879	1.263002794	2.853	2.422
20160413	7.085381965	5.988	0.3	1.8	0	1.57	3.6	1	125.5	2.3	17.1	8.5	0	5.81995225	1.265429715	2.56	2.164
20160414	6.735873889	5.1555	0	3.2	0	1.95	0	0	125.6	3.5	16	8.6	0	5.468235422	1.267638467	2.433	2.057
20160415	5.48679805	4.7295	0	5.3	2.1	2.1	0	0	123.5	0	12.4	8.6	0	4.217149387	1.269648663	1.979	1.679
20160416	4.469142827	4.3905	0	7	2.4	2.4	0	0	121.1	0	9.4	8.6	0	3.197664675	1.271478152	1.609	1.37
20160417	3.640050377	4.11	0	10.8	2.57	2.57	0	0	118.5	0	6.9	8.6	0	2.366907199	1.273143178	1.308	1.118
20160418	3.850057244	4.0725	3.6	10.4	2.28	2.28	0	0	116.7	3.2	7.6	8.6	0	2.575398717	1.274658526	1.394	1.173
20160419	5.599531058	6.9435	10.2	6.7	1.35	1.35	0	0	116.7	8.9	12.7	8.6	0	4.323493407	1.276037652	2.109	1.624
20160420	4.561615067	4.638	0	5.4	1.83	1.83	0	0	114.8	0	9.6	8.6	0	3.284322267	1.277292801	1.714	1.327
20160421	3.715957835	4.011	0	10.2	1.76	1.76	0	0	113.1	0	7.2	8.6	0	2.437522718	1.278435118	1.393	1.084
20160422	3.369830497	3.963	1.5	14.9	1.26	1.26	0	0	112.1	1.2	6.1	8.6	0	2.090355751	1.279474746	1.268	0.978
20160423	2.857677925	3.798	0.5	4.9	2.25	2.25	0	0	109.9	0.4	4.6	8.6	0	1.577257009	1.280420916	1.075	0.83
20160424	2.327751788	3.4515	0	3.5	2.32	2.32	0	0	107.6	0	3.1	8.6	0	1.046469758	1.28128203	0.873	0.679
20160425	1.896007694	3.2355	0	3.5	1.46	1.46	0	0	106.1	0	1.8	8.7	0	0.61394196	1.282065735	0.708	0.556
20160426	1.544262791	3.3195	8.1	0.2	0.33	0.33	4.6	1	105.8	0	0.8	8.7	0	0.261483803	1.282778987	0.574	0.455
20160427	1.270934862	4.1385	0.5	1	0	1.39	4.8	1	105.8	0	0	8.6	0	0	1.270934862	0.471	0.377
20160428	1.156683846	3.5415	0	1.1	0	2.27	4.8	1	105.8	0	0	7.8	0	0	1.156683846	0.428	0.343
20160429	1.937330066	3.1065	0	4.6	0	2.26	0	0	107	3.6	2.3	7.9	0	0.76866173	1.168668336	0.73	0.562
20160430	1.567137293	2.853	0	7.3	2.08	2.08	0	0	104.9	0	1.1	8	0	0.387561816	1.179575477	0.589	0.456
20160501	2.584728368	3.0015	6.4	6.4	0.81	0.81	0	0	105.8	4.7	4.1	8	0	1.39522625	1.189502118	1.001	0.723
20160502	5.268889793	5.5275	15	4.2	0.46	0.46	0	0	108.9	11.4	11.9	8.1	0	4.070353392	1.198536401	2.18	1.332
20160503	4.349509886	4.4145	0.3	5.1	1.36	1.36	0	0	107.6	0.2	9.2	8.1	0	3.142751341	1.206758544	1.796	1.104
20160504	3.53640099	3.6945	0	5.2	1.64	1.64	0	0	105.9	0	6.8	8.2	0	2.322159433	1.214241556	1.456	0.902
20160505	2.874527562	3.405	0	8.3	0.94	0.94	0	0	105	0	4.9	8.2	0	1.653475681	1.221051881	1.179	0.737
20160506	2.335828802	2.991	0	12.7	1.66	1.66	0	0	103.4	0	3.3	8.3	0	1.108578812	1.22724999	0.954	0.603
20160507	1.897444291	2.8125	0	13	1.15	1.15	0	0	102.2	0	2	8.3	0	0.664553372	1.232890918	0.772	0.493
20160508	5.528001225	5.241	19.6	4.1	0.82	0.82	0	0	106.6	14.4	12.6	8.4	0	4.289976471	1.238024754	2.498	1.187
20160509	4.604156028	3.8445	0.5	2.3	1.58	1.58	0	0	105.2	0.4	9.9	8.4	0	3.361458946	1.242697082	2.075	0.994
20160510	3.747329228	3.18	0	6.9	2.74	2.74	0	0	102.4	0	7.3	8.4	0	2.500379838	1.24694939	1.682	0.816
20160511	3.04952332	2.8845	0	9.7	3.02	3.02	0	0	99.4	0	5.3	8.4	0	1.798703885	1.250819436	1.363	0.67
20160512	2.481263922	2.7105	0	14.9	3.24	3.24	0	0	96.2	0	3.6	8.5	0	1.226922339	1.254341583	1.103	0.551
20160513	4.168867284	3.954	11.7	14.3	1.6	1.6	0	0	98.5	7.7	8.5	8.5	0	2.911320179	1.257547105	1.951	0.828
20160514	5.268985946	3.9225	9.9	13.1	1.83	1.83	0	0	99.9	6.8	11.8	8.5	0	4.008521479	1.260464466	2.535	0.977
20160515	6.598373089	6.753	11.9	4.6	0.95	0.95	0	0	102.5	8.3	15.7	8.5	0	5.335253518	1.263119571	3.27	1.129
20160516	5.374321117	4.6755	4.3	1	2.19	2.19	2.4	1	100.3	0	12.1	8.5	0	4.108785123	1.265535994	2.655	0.928
20160517	4.839984312	3.894	0	6.2	0	3.44	0	0	101.1	1.7	10.5	8.6	0	3.57224912	1.267735192	2.393	0.834
20160518	3.941885181	3.54	0	8	4.01	4.01	0	0	97.1	0	7.8	8.6	0	2.672148488	1.269736693	1.942	0.686
20160519	3.958637657	3.5325	4.1	11.3	2.39	2.39	0	0	96.1	2.7	7.9	8.6	0	2.687079389	1.271558268	1.964	0.675
20160520	3.277519819	3.4575	0.3	12.5	3.39	3.39	0	0	92.8	0.2	5.9	8.6	0	2.004303727	1.273216092	1.622	0.563
20160521	2.669186379	3.0465	0	14.4	2.86	2.86	0	0	89.9	0	4.1	8.6	0	1.394461493	1.274724886	1.315	0.464
20160522	2.957563953	2.949	4.8	15.5	1.4	1.4	0	0	90.5	2.8	4.9	8.6	0	1.681465907	1.276098046	1.479	0.493
20160523	2.408735247	2.607	0	12	3.32	3.32	0	0	87.2	0	3.3	8.6	0	1.131387481	1.277347766	1.2	0.406
20160524	2.084583248	2.406	0.8	16.3	1.74	1.74	0	0	85.8	0.4	2.4	8.6	0	0.806098106	1.278485142	1.037	0.353
20160525	1.742587074	2.2695	0.3	17.8	2.24	2.24	0	0	83.7	0.2	1.4	8.6	0	0.463066801	1.279520273	0.864	0.298
20160526	1.419001038	2.001	0	17.9	2.73	2.73	0	0	81	0	0.4	8.6	0	0.138538687	1.280462351	0.699	0.247
20160527	1.61369305	1.8165	3.3	21.3	2.72	2.72	0	0	79.9	1.7	1	8.6	0	0.33237331	1.28131974	0.809	0.266
20160528	1.314139258	1.59	0	22.8	3.53	3.53	0	0	76.4	0	0.1	8.7	0	0.032039204	1.282100054	0.654	0.222
20160529	1.240530839	1.4535	1	21.1	1.31	1.31	0	0	75.6	0.5	0	8.4	0	0	1.240530839	0.62	0.207
20160530	1.356213247	1.65	2.8	19.6	1.68	1.68	0	0	75.5	1.3	0.3	8.4	0	0.111235366	1.244977882	0.687	0.217
20160531	1.286639884	1.455	1.5	18.1	3.02	3.02	0	0	73.3	0.7	0.1	8.4	0	0.037614727	1.249025157	0.654	0.204
20160601	1.151628224	1.2105	0	16.9	4.97	4.97	0	0	68.3	0	0	7.8	0	0	1.151628224	0.584	0.183
20160602	1.048102308	1.0455	0	17.8	4	4.09	0	0	64.3	0	0	7.1	0	0	1.048102308	0.532	0.167
20160603	1.000838501	1.029	1	18.2	3.02	3.26	0	0	61.9	0.3	0	6.8	0	0	1.000838501	0.51	0.158
20160604	0.910867866	0.873	0	17.8	3.38	3.81	0	0	58.6	0	0	6.1	0	0	0.910867866	0.464	0.143
20160605	7.755208764	9.15	56.9	14.7	0.78	0.78	0	0	89.3	25.4	20	6.4	0	6.810258717	0.944950047	4.614	0.556
20160606	6.446152096	4.9845	1	15.8	2.92	2.92	0	0	86.8	0.6	16.1	6.6	0	5.470183695	0.975968401	3.829	0.469
20160607	5.299296779	2.6415	0.5	15.3	4.05	4.05	0	0	83	0.3	12.6	6.8	0	4.295098426	1.004198352	3.141	0.391
20160608	4.476834888	2.2455	1.3	9.7	5.54	5.54	0	0	78.1	0.7	10.1	7	0	3.446944323	1.029890565	2.65	0.335
20160609	4.057362132	2.241	3.3	6.3	3.05	3.05	0	0	76.8	1.6	8.8	7.1	0	3.004088962	1.05327317	2.403	0.302
20160610	3.32170316	2.001	0.3	9.3	4.67	4.67	0	0	72.3	0.1	6.6	7.3	0	2.247149371	1.074553789	1.963	0.252
20160611	2.778634951	1.8915	0.8	9.1	3.8	3.8	0	0	68.9	0.3	4.9	7.4	0	1.68471357	1.093921381	1.638	0.214
20160612	2.550207806	1.9755	2.8	9.7	4.86	4.86	0	0	65.8	1.1	4.2	7.5	0	1.438659887	1.111547919	1.506	0.194
20160613	3.173564704	3.48	10.4	10.4	4.63	4.68	0	0	67.5	4	6	7.6	0	2.045974789	1.127589915	1.902	0.214
20160614	2.57060821	2.637	0	12.6	6.11	6.32	0	0	61.4	0	4.2	7.7	0	1.428418399	1.142189811	1.536	0.178
20160615	2.107701431	1.6575	0.3	15.9	5.26	5.96	0	0	56.4	0.1	2.8	7.8	0	0.952224185	1.155477246	1.256	0.149
20160616	1.704713352	1.2975	0	16.6	3	3.72	0	0	53.4	0	1.6	7.9	0	0.537143148	1.167570204	1.012	0.125
20160617	1.377478066	1.056	0	16.2	4.03	5.27	0	0	49.3	0	0.6	8	0	0.198902005	1.178576062	0.814	0.104
20160618	1.151335073	0.915	0	17.3	3.27	4.63	0	0	46.1	0	0	7.8	0	0	1.151335073	0.678	0.089
20160619	1.047835511	0.783	0	19.1	3.01	4.57	0	0	43	0	0	7.1	0	0	1.047835511	0.617	0.081
20160620	0.953640069	0.666	0	21.6	3.45	5.59	0	0	39.6	0	0	6.4	0	0	0.953640069	0.562	0.074
20160621	0.952120242	0.6525	3.6	15.9	2.93	4.97	0	0	39.6	0.6	0	6.4	0	0	0.952120242	0.564	0.071
20160622	1.286324976	1.4445	10.2	12.2	2.23	3.56	0	0	45.7	2	0.9	6.6	0	0.303830946	0.98249403	0.779	0.079
20160623	1.047605078	1.0365	0.5	14.6	2.77	4.22	0	0	43.3	0.1	0.1	6.8	0	0.03746772	1.010137358	0.631	0.068
20160624	0.941862245	0.6825	0.3	15.6	3.06	4.93	0	0	40.5	0.1	0	6.4	0	0	0.941862245	0.567	0.061
20160625	0.857193296	0.537	0	17.6	3.26	5.62	0	0	37.2	0	0	5.8	0	0	0.857193296	0.516	0.056
20160626	0.780135684	0.447	0	20.3	2.9	5.45	0	0	34.3	0	0	5.3	0	0	0.780135684	0.469	0.051
20160627	0.710005187	0.4035	0	19.1	1.74	3.55	0	0	32.6	0	0	4.8	0	0	0.710005187	0.427	0.046
20160628	4.589870457	5.73	54.6	20.2	2.77	3.68	0	0	69.7	14.6	11.2	5.1	0	3.827726488	0.762143969	2.969	0.091
20160629	4.4387539	4.4685	6.6	17.6	2.8	2.8	0	0	70.8	2.7	10.7	5.5	0	3.629158177	0.809595723	2.874	0.085
20160630	3.604913781	1.6485	0.3	17.5	4.28	4.28	0	0	66.7	0.1	8.1	5.8	0	2.752131992	0.852781789	2.331	0.072
20160701	4.460667271	1.971	14	17.4	3.87	3.87	0	0	71.2	5.6	10.5	6	0	3.568581639	0.892085632	2.898	0.076
20160702	3.744313445	2.076	1.3	12.2	5.7	5.7	0	0	66.3	0.5	8.3	6.3	0	2.816457199	0.927856247	2.431	0.065
20160703	3.016680187	1.2525	0	14.7	7.2	7.57	0	0	59.1	0	6	6.5	0	2.056268934	0.960411252	1.956	0.055
20160704	2.426846607	0.852	0	18	6.18	7.29	0	0	52.9	0	4.2	6.7	0	1.43680689	0.990039718	1.571	0.047
20160705	1.94902452	0.6885	0	19.2	5.69	7.5	0	0	47.2	0	2.7	6.9	0	0.932019796	1.017004724	1.26	0.04
20160706	1.562224705	0.5505	0	20.8	4.59	6.78	0	0	42.7	0	1.5	7	0	0.520679	1.041545705	1.008	0.034
20160707	1.540924559	0.837	5.3	21.9	2.95	4.6	0	0	43.9	1	1.4	7.2	0	0.477043992	1.063880567	0.996	0.031
20160708	1.234136049	0.7965	0	18.5	2.41	3.83	0	0	41.5	0	0.4	7.3	0	0.149928417	1.084207632	0.796	0.027
20160709	2.253400943	1.965	19.8	14.5	2.79	3.97	0	0	54	4.6	3.4	7.4	0	1.150693553	1.10270739	1.472	0.031
20160710	2.253034	2.3355	5.6	13.9	3.13	3.9	0	0	54.9	1.6	3.3	7.6	0	1.133489893	1.119544107	1.473	0.029
20160711	1.93440291	1.4835	1.5	16.3	4.3	5.42	0	0	51.7	0.4	2.3	7.7	0	0.799535627	1.134867283	1.264	0.025
20160712	1.561533309	0.8805	0	18.2	4.88	6.59	0	0	46.8	0	1.2	7.8	0	0.41272033	1.148812979	1.019	0.022
20160713	1.259017388	0.6345	0	20.7	2.75	4.1	0	0	44	0	0.3	7.8	0	0.097512366	1.161505022	0.82	0.019
20160714	1.890922474	1.7715	13.7	21.2	1.2	1.69	0	0	53.4	3.2	2.1	7.9	0	0.717866363	1.173056111	1.24	0.02
20160715	1.662024326	1.359	1.8	20.1	3.84	4.96	0	0	50.9	0.5	1.4	8	0	0.478455513	1.183568812	1.09	0.018
20160716	1.364506547	0.855	0.3	18	4.46	6.11	0	0	46.6	0.1	0.5	8.1	0	0.171370076	1.193136471	0.894	0.016
20160717	1.153691926	0.642	0	19.4	3.13	4.68	0	0	43.5	0	0	7.8	0	0	1.153691926	0.755	0.014
20160718	1.389794683	0.9495	7.9	19.4	3.51	5.25	0	0	46.2	1.7	0.7	7.9	0	0.223849307	1.165945375	0.913	0.014
20160719	1.158230686	0.9195	0.3	13.6	4.14	6.23	0	0	42.3	0.1	0	7.8	0	0	1.158230686	0.76	0.012
20160720	1.061558871	0.57	0.3	14.8	3.68	6.04	0	0	38.9	0.1	0	7.2	0	0	1.061558871	0.696	0.011
20160721	0.966129764	0.4125	0	17.9	3.97	7.11	0	0	34.9	0	0	6.5	0	0	0.966129764	0.634	0.01
20160722	2.055190444	0.9015	23.6	21.6	3.63	5.71	0	0	50.2	4.7	3.1	6.7	0	1.059946282	0.995244162	1.359	0.011
20160723	3.963772325	6.06	26.9	18.9	4.65	5.45	0	0	64.1	8.3	8.6	6.9	0	2.942031012	1.021741314	2.63	0.013
20160724	3.233335126	2.3655	0.3	17.2	4.06	4.41	0	0	60.3	0.1	6.4	7.1	0	2.187478629	1.045856497	2.144	0.011
20160725	2.611530857	1.3455	0	18.4	3.79	4.39	0	0	56.5	0	4.5	7.2	0	1.543727016	1.06780384	1.731	0.01
20160726	2.130721745	1.035	0.3	19.1	4.66	5.75	0	0	52	0.1	3.1	7.3	0	1.042943524	1.087778221	1.412	0.008
20160727	1.738027032	0.7365	0.3	20.4	3.64	4.87	0	0	48.6	0.1	1.9	7.5	0	0.632070032	1.105957	1.151	0.007
20160728	1.398757596	0.5985	0	20.5	4.54	6.51	0	0	44.1	0	0.8	7.6	0	0.276256003	1.122501593	0.926	0.007
20160729	1.130911144	0.5145	0	18.9	3.19	5.05	0	0	40.9	0	0	7.6	0	0	1.130911144	0.748	0.006
20160730	1.029247596	0.405	0	16.7	4.26	7.27	0	0	36.6	0	0	6.9	0	0	1.029247596	0.681	0.005
20160731	0.936723119	0.357	0	16.6	1.64	3.12	0	0	35	0	0	6.3	0	0	0.936723119	0.62	0.005
20160801	2.57217836	3.126	30.5	14.8	2.69	4	0	0	56.2	6.6	4.7	6.5	0	1.603697325	0.968481035	1.709	0.005
20160802	2.065399502	1.455	0	17	3.57	4.43	0	0	52.6	0	3.1	6.7	0	1.068015437	0.997384065	1.372	0.005
20160803	1.655187948	0.8025	0	18	4.82	6.39	0	0	47.8	0	1.9	6.9	0	0.631499098	1.02368885	1.099	0.004
20160804	1.323419719	0.552	0	18.8	3.98	5.81	0	0	43.8	0	0.8	7.1	0	0.275790761	1.047628959	0.879	0.004
20160805	1.062585104	0.4005	0	20.7	2.65	4.22	0	0	41.2	0	0	7.2	0	0	1.062585104	0.705	0.003
20160806	0.974199577	0.339	0.3	19.6	3.67	6.21	0	0	37.7	0.1	0	6.6	0	0	0.974199577	0.647	0.003
20160807	0.940143801	0.2925	2.5	16.7	3	5.39	0	0	36.8	0.4	0	6.3	0	0	0.940143801	0.624	0.003
20160808	0.855629332	0.2445	0	16.7	3.43	6.51	0	0	33.4	0	0	5.8	0	0	0.855629332	0.568	0.002
20160809	0.778712313	0.1875	0	16.7	3.08	6.43	0	0	30.3	0	0	5.3	0	0	0.778712313	0.517	0.002
20160810	0.70870977	0.2085	0	18.5	1.78	4.09	0	0	28.5	0	0	4.8	0	0	0.70870977	0.47	0.002
20160811	0.645000123	0.1815	0	22.1	2.16	5.28	0	0	26.4	0	0	4.4	0	0	0.645000123	0.428	0.002
20160812	0.678894079	0.285	6.6	23.1	1.38	3.28	0	0	30.9	0.7	0	4.6	0	0	0.678894079	0.451	0.002
20160813	0.964853868	0.684	11.9	19.7	1.72	3.34	0	0	39.4	1.7	0.7	5	0	0.231024265	0.733829603	0.642	0.002
20160814	0.802791352	0.7995	1.5	21.1	2.51	4.38	0	0	38.1	0.3	0.1	5.3	0	0.018964668	0.783826684	0.534	0.002
20160815	0.720868882	0.369	0	18.6	2.44	4.47	0	0	35.7	0	0	4.9	0	0	0.720868882	0.479	0.001
20160816	3.635718611	2.3865	43.4	16.9	3.02	4.06	0	0	64.9	11.2	8.4	5.2	0	2.863687541	0.77203107	2.422	0.002
20160817	4.755686369	10.1475	16.8	17.6	3.74	3.74	0	0	71.3	6.6	11.6	5.5	0	3.937092349	0.81859402	3.169	0.002
20160818	3.9436734	1.8255	1	18.6	2.46	2.46	0	0	69.5	0.4	9	5.8	0	3.082702218	0.860971182	2.628	0.001
20160819	3.172765455	1.122	0	18	5.39	5.41	0	0	64.1	0	6.7	6.1	0	2.273226617	0.899538837	2.114	0.001
20160820	2.548240763	0.771	0	18.1	5.21	5.67	0	0	58.9	0	4.7	6.3	0	1.613601318	0.934639444	1.698	0.001
20160821	3.827992065	1.02	18.3	19.1	4.61	4.97	0	0	66.1	6.4	8.4	6.5	0	2.861407393	0.966584673	2.551	0.001
20160822	4.267589583	4.7925	10.9	12.9	4.73	4.75	0	0	68.1	4.2	9.6	6.7	0	3.271931407	0.995658177	2.844	0.001
20160823	3.449543767	1.4925	0	14.5	5.44	5.58	0	0	62.6	0	7.1	6.9	0	2.427425657	1.02211811	2.299	0.001
20160824	2.785454419	0.9885	0	18.3	4.44	4.95	0	0	58.2	0	5.1	7.1	0	1.739254997	1.046199422	1.856	0.001
20160825	2.24659458	0.8055	0	19.2	3.29	3.94	0	0	54.9	0	3.5	7.2	0	1.178478643	1.068115937	1.497	0.001
20160826	1.809575593	0.6885	0	19.9	3.34	4.24	0	0	51.6	0	2.1	7.3	0	0.721513331	1.088062262	1.206	0.001
20160827	1.455357046	0.5415	0	18.8	3.76	5.09	0	0	47.8	0	1	7.5	0	0.349141539	1.106215507	0.97	0.001
20160828	1.430467451	0.5445	4.1	19.6	3.83	5.42	0	0	47.1	0.9	0.9	7.6	0	0.30773059	1.122736861	0.953	0.001
20160829	1.167789042	0.5445	0.3	16.5	2.75	4.06	0	0	44.6	0.1	0.1	7.7	0	0.030016018	1.137773024	0.778	0
20160830	1.047370249	0.4275	0	16.4	3.07	4.8	0	0	41.5	0	0	7.1	0	0	1.047370249	0.698	0
20160831	2.121337868	1.542	20.1	17.6	2.31	3.27	0	0	54.7	4.6	3.1	7.2	0	1.052156355	1.069181513	1.414	0
20160901	1.78310678	1.2195	1	15.9	4.63	5.87	0	0	50.8	0.3	2	7.4	0	0.694074732	1.089032047	1.188	0
20160902	1.433880492	0.6825	0	14.6	4.08	5.6	0	0	46.7	0	1	7.5	0	0.326782379	1.107098113	0.956	0
20160903	1.151023393	0.4935	0	14.1	1.95	2.92	0	0	44.7	0	0.1	7.6	0	0.027483268	1.123540125	0.767	0
20160904	1.033414587	0.3915	0	15.6	3.13	4.88	0	0	41.6	0	0	7	0	0	1.033414587	0.689	0
20160905	0.940515517	0.3195	0	17.1	1.85	3.1	0	0	39.8	0	0	6.3	0	0	0.940515517	0.627	0
20160906	0.855967633	0.264	0	18.3	1.29	2.26	0	0	38.5	0	0	5.8	0	0	0.855967633	0.57	0
20160907	0.779020202	0.2205	0	19.8	1.91	3.47	0	0	36.6	0	0	5.3	0	0	0.779020202	0.519	0
20160908	0.739134552	0.258	1.5	19.9	1.61	3.03	0	0	36.2	0.2	0	5	0	0	0.739134552	0.493	0
20160909	0.688354208	0.249	0.8	19.6	2.4	4.57	0	0	34.5	0.1	0	4.6	0	0	0.688354208	0.459	0
20160910	0.626474429	0.18	0	18.6	1.76	3.57	0	0	32.7	0	0	4.2	0	0	0.626474429	0.417	0
20160911	1.361490539	1.23	19.1	13.5	2.44	4.19	0	0	46.1	3.3	2	4.6	0	0.675368308	0.686122231	0.907	0
20160912	1.069421001	0.435	0.3	12.3	3.14	4.74	0	0	43.2	0.1	1	5	0	0.329013023	0.740407978	0.713	0
20160913	0.819114669	0.2535	0	15.3	2.86	4.62	0	0	40.4	0	0.1	5.3	0	0.029300974	0.789813694	0.546	0
20160914	0.916549563	0.459	5.8	13.1	1.74	2.84	0	0	43.3	1.1	0.2	5.6	0	0.081771493	0.834778071	0.611	0
20160915	0.799814241	0.336	0.3	9.8	2.43	3.9	0	0	41.2	0.1	0	5.4	0	0	0.799814241	0.533	0
20160916	0.727914734	0.2235	0	11.7	2.46	4.17	0	0	38.7	0	0	4.9	0	0	0.727914734	0.485	0
20160917	0.718051457	0.174	2.5	14	2.3	4.05	0	0	38.5	0.4	0	4.8	0	0	0.718051457	0.479	0
20160918	0.839538294	0.459	6.4	18	1.47	2.5	0	0	42.3	1.1	0.2	5.2	0	0.070071376	0.769466918	0.56	0
20160919	0.747859099	0.351	0.8	17.3	1.01	1.65	0	0	41.9	0.1	0	5	0	0	0.747859099	0.498	0
20160920	0.680630113	0.2745	0	18.6	2.45	4.07	0	0	39.5	0	0	4.6	0	0	0.680630113	0.454	0
20160921	0.619444694	0.1695	0	15.9	2.81	4.97	0	0	36.7	0	0	4.2	0	0	0.619444694	0.413	0
20160922	0.563759554	0.1335	0	17	2.17	4.13	0	0	34.5	0	0	3.8	0	0	0.563759554	0.376	0
20160923	1.278305919	1.104	17.8	11.7	2.17	3.62	0	0	46.9	3.2	1.9	4.2	0	0.649260794	0.629045126	0.852	0
20160924	1.069268384	0.5025	1.5	8.1	2.8	4.12	0	0	45.3	0.3	1.1	4.6	0	0.38080655	0.688461834	0.713	0
20160925	0.814043734	0.3375	0	6.2	2.97	4.57	0	0	42.3	0	0.2	5	0	0.071506472	0.742537262	0.543	0
20160926	0.704082473	0.2955	0	8.1	2.38	3.92	0	0	40	0	0	4.8	0	0	0.704082473	0.469	0
20160927	0.73868539	0.36	4.1	12.3	2.26	3.79	0	0	41.1	0.7	0	5	0	0	0.73868539	0.492	0
20160928	0.684137729	0.264	0.5	12.6	2.63	4.44	0	0	38.9	0.1	0	4.6	0	0	0.684137729	0.456	0
20160929	0.622636992	0.2235	0	10.7	2.35	4.22	0	0	36.5	0	0	4.2	0	0	0.622636992	0.415	0
20160930	0.56666488	0.183	0	8.7	0.96	1.84	0	0	35.5	0	0	3.8	0	0	0.56666488	0.378	0
20161001	0.515724395	0.207	0	8.7	1.16	2.27	0	0	34.4	0	0	3.5	0	0	0.515724395	0.344	0
20161002	0.469363218	0.255	0	9.8	0.83	1.68	0	0	33.6	0	0	3.2	0	0	0.469363218	0.313	0
20161003	0.507145819	0.3105	4.3	11.7	0.97	1.91	0	0	36.3	0.6	0	3.4	0	0	0.507145819	0.338	0
20161004	0.461555815	0.2925	0	11.6	0.99	1.9	0	0	35.3	0	0	3.1	0	0	0.461555815	0.308	0
20161005	0.420064137	0.2445	0	12.1	1.16	2.3	0	0	34.2	0	0	2.8	0	0	0.420064137	0.28	0
20161006	0.387672346	0.234	0.3	12.7	1.36	2.77	0	0	33	0	0	2.6	0	0	0.387672346	0.258	0
20161007	0.357930692	0.2085	0.3	15.1	0.97	2.04	0	0	32.3	0	0	2.4	0	0	0.357930692	0.239	0
20161008	0.325754421	0.2025	0	13.7	0.83	1.8	0	0	31.5	0	0	2.2	0	0	0.325754421	0.217	0
20161009	0.296470643	0.21	0	8	0.54	1.19	0	0	31	0	0	2	0	0	0.296470643	0.198	0
20161010	0.269819339	0.21	0	4.4	0.92	2.07	0	0	30	0	0	1.8	0	0	0.269819339	0.18	0
20161011	0.24556386	0.213	0	8.4	0.93	2.16	0	0	29.1	0	0	1.7	0	0	0.24556386	0.164	0
20161012	0.223488834	0.1935	0	12.7	0.98	2.34	0	0	28.1	0	0	1.5	0	0	0.223488834	0.149	0
20161013	0.223719511	0.1875	1.5	9.8	0.65	1.58	0	0	28.8	0.2	0	1.5	0	0	0.223719511	0.149	0
20161014	0.203608188	0.204	0	4.7	0.72	1.74	0	0	28.1	0	0	1.4	0	0	0.203608188	0.136	0
20161015	0.185304778	0.198	0	5.8	0.87	2.16	0	0	27.2	0	0	1.3	0	0	0.185304778	0.124	0
20161016	0.235581395	0.237	4.8	10.2	0.89	2.11	0	0	30.7	0.5	0	1.6	0	0	0.235581395	0.157	0
20161017	0.218961009	0.3315	0.3	14.3	1.01	2.3	0	0	29.9	0	0	1.5	0	0	0.218961009	0.146	0
20161018	0.199277453	0.252	0	13.1	0.47	1.09	0	0	29.5	0	0	1.3	0	0	0.199277453	0.133	0
20161019	0.188505824	0.279	0.5	11.6	0.86	2.01	0	0	29	0.1	0	1.3	0	0	0.188505824	0.126	0
20161020	0.215507279	0.3345	3	8.6	0.58	1.33	0	0	31.1	0.3	0	1.5	0	0	0.215507279	0.144	0
20161021	3.140136911	4.3305	46.5	12	0.94	1.34	0	0	65.7	11	8.3	2.1	0	2.828037833	0.312099078	2.093	0
20161022	5.692034296	6.738	27.2	5.7	1.12	1.12	0	0	80.1	11.6	15.5	2.7	0	5.292026563	0.400007733	3.795	0
20161023	4.825136994	2.9265	2	1.4	0.92	0.92	0	0	80.2	1	12.8	3.2	0	4.345123178	0.480013817	3.217	0
20161024	3.854775662	1.974	7.1	1	1.97	1.97	4	1	78.2	0	9.7	3.7	0	3.30194793	0.552827733	2.57	0
20161025	3.070981537	1.608	0.3	-0.1	0	1.54	4.2	1	78.2	0	7.2	4.2	0	2.451885514	0.619096023	2.047	0
20161026	2.438593949	1.3605	0	-0.9	0	1.44	4.2	1	78.2	0	5.2	4.6	0	1.759186841	0.679407109	1.626	0
20161027	1.929017213	1.206	11.2	-0.9	0	1.05	10.5	1	78.2	0	3.5	5	0	1.194720699	0.734296514	1.286	0
20161028	3.216010183	2.7645	11.9	1.6	0	0.97	10.1	1	84.4	6.1	7.1	5.3	0	2.431758561	0.784251621	2.129	0.015
20161029	5.985491366	5.613	13.7	3.1	0	1.72	2.3	1	93.7	12.3	15.1	5.6	0	5.155775364	0.829716002	3.805	0.185
20161030	5.397374429	4.7235	1	3.4	0	1.04	0	0	94.9	2	13.3	5.9	0	4.526281079	0.87109335	3.415	0.183
20161031	4.358320911	2.8815	1.5	-0.5	1.32	1.32	0.8	1	93.6	0	10.1	6.1	0	3.449569841	0.908751071	2.76	0.146
20161101	3.515203166	2.223	0	1	0	0.84	0.8	1	93.6	0	7.5	6.4	0	2.572179624	0.943023542	2.228	0.115
20161102	3.148254215	2.073	1	8.7	0	1.5	0	0	94.3	1.1	6.4	6.6	0	2.174039135	0.974215079	1.987	0.112
20161103	5.711994287	5.4795	17.5	6.8	1.05	1.05	0	0	99.3	11.4	13.8	6.8	0	4.709391641	1.002602646	3.535	0.273
20161104	4.627221239	3.543	2.5	0.2	1.26	1.26	1.4	1	98	0	10.6	6.9	0	3.598782934	1.028438305	2.867	0.218
20161105	3.745721818	2.7555	0.5	-0.9	0	1.51	1.7	1	98	0	7.9	7.1	0	2.693770357	1.051951461	2.323	0.174
20161106	3.029644803	2.6175	2.3	1.1	0	1.6	3	1	98	0	5.7	7.2	0	1.956293908	1.073350895	1.882	0.138
20161107	2.935758986	2.3655	0	2	0	1.53	0.3	1	98.9	1.8	5.4	7.4	0	1.842932364	1.092826622	1.812	0.145
20161108	2.437939115	2.19	0	5.9	0	1.66	0	0	99	0.2	3.9	7.5	0	1.327387541	1.110551574	1.506	0.12
20161109	2.025537177	2.091	0.3	4	0.95	0.95	0	0	98.2	0.2	2.6	7.6	0	0.898854041	1.126683136	1.252	0.098
20161110	1.635017445	1.983	0	1.9	1.35	1.35	0	0	96.8	0	1.4	7.7	0	0.493652897	1.141364548	1.013	0.077
20161111	1.318188849	2.454	6.9	1.3	0.94	0.94	3.9	1	95.9	0	0.5	7.8	0	0.163462679	1.15472617	0.819	0.06
20161112	1.115605496	2.094	0	-1.5	0	1.3	3.9	1	95.9	0	0	7.5	0	0	1.115605496	0.694	0.05
20161113	1.589158064	1.914	0	3.8	0	1.49	0	0	97.3	2.5	1.3	7.6	0	0.457875329	1.131282735	0.957	0.102
20161114	1.279858926	1.791	0	5.9	1.56	1.56	0	0	95.7	0	0.4	7.7	0	0.134308262	1.145550664	0.777	0.077
20161115	1.97988477	1.92	5.3	6.7	1.24	1.24	0	0	96.3	3.4	2.4	7.8	0	0.821348796	1.158535974	1.174	0.146
20161116	2.893173723	3.2055	7.1	7	0.98	0.98	0	0	97.8	4.7	5.1	7.9	0	1.722819756	1.170353967	1.701	0.228
20161117	2.401137735	2.4585	0.3	4.5	0.81	0.81	0	0	97.1	0.2	3.6	8	0	1.220028157	1.181109578	1.414	0.187
20161118	1.9462695	2.0685	0	5.8	1.22	1.22	0	0	95.9	0	2.2	8	0	0.75537119	1.19089831	1.149	0.148
20161119	1.576538705	1.9005	0	7.1	1.07	1.07	0	0	94.8	0	1.1	8.1	0	0.376731623	1.199807082	0.934	0.117
20161120	1.276100894	2.328	13	0.6	0.69	0.69	7.3	1	94.1	0	0.2	8.2	0	0.068185897	1.207914998	0.758	0.093
20161121	1.126310975	2.193	4.8	-4.3	0	1.25	10	1	94.1	0	0	7.6	0	0	1.126310975	0.67	0.081
20161122	1.02506096	1.932	1	-4.6	0	1.08	10.6	1	94.1	0	0	6.9	0	0	1.02506096	0.61	0.074
20161123	0.932912842	1.83	0	-4	0	0.94	10.6	1	94.1	0	0	6.3	0	0	0.932912842	0.555	0.067
20161124	0.849048402	1.809	4.3	-3	0	0.38	13	1	94.1	0	0	5.7	0	0	0.849048402	0.505	0.061
20161125	0.772722978	1.8075	2.5	-0.8	0	0.52	14.4	1	94.1	0	0	5.2	0	0	0.772722978	0.46	0.056
20161126	0.703258847	1.926	0.8	0.9	0	0.48	14.9	1	94.1	0	0	4.7	0	0	0.703258847	0.418	0.051
20161127	0.640039212	2.0025	0.3	-2.1	0	1.19	15	1	94.1	0	0	4.3	0	0	0.640039212	0.381	0.046
20161128	0.582502723	1.7655	0.3	-4	0	1.05	15.2	1	94.1	0	0	3.9	0	0	0.582502723	0.346	0.042
20161129	0.530138491	4.773	19.3	-3	0	0.29	26.1	1	94.1	0	0	3.6	0	0	0.530138491	0.315	0.038
20161130	0.983712375	6.126	4.1	1.8	0	0.22	26.6	1	95.5	2.2	1.1	4	0	0.385265938	0.598446436	0.575	0.081
20161201	5.226678147	10.872	15.5	3.3	0	0.65	18.2	1	103.2	16.2	13.4	4.5	0	4.566064325	0.660613822	2.9	0.584
20161202	4.199181057	6.3165	6.1	0.7	0	0.72	21.6	1	103.2	0	10.2	4.8	0	3.481988403	0.717192654	2.332	0.467
20161203	3.367282173	5.085	7.1	-2.2	0	1.31	25.6	1	103.2	0	7.6	5.2	0	2.598596855	0.768685318	1.872	0.373
20161204	2.694287981	4.4175	0	-5.7	0	1.15	25.6	1	103.2	0	5.5	5.5	0	1.878738946	0.815549035	1.5	0.296
20161205	2.150341218	4.062	7.1	-6.1	0	0.85	29.6	1	103.2	0	3.8	5.8	0	1.292141292	0.858199926	1.199	0.234
20161206	1.71115143	3.7605	1.8	-3.1	0	0.95	30.6	1	103.2	0	2.4	6.1	0	0.814134725	0.897016705	0.956	0.185
20161207	1.356960879	3.6585	2.8	-2.8	0	1.2	32.2	1	103.2	0	1.2	6.3	0	0.42461684	0.932344039	0.76	0.145
20161208	1.071702205	3.5535	0.8	-2.1	0	0.41	32.6	1	103.2	0	0.3	6.5	0	0.107206592	0.964495614	0.601	0.113
20161209	0.920214698	3.354	5.3	-8.1	0	0.68	35.6	1	103.2	0	0	6.2	0	0	0.920214698	0.517	0.096
20161210	0.837491761	3.147	0.3	-12.6	0	0.74	35.8	1	103.2	0	0	5.7	0	0	0.837491761	0.471	0.088
20161211	0.762205224	3.012	0.5	-11.5	0	0.65	36.1	1	103.2	0	0	5.1	0	0	0.762205224	0.428	0.08
20161212	0.693686589	2.874	16.3	-5.5	0	0.33	45.3	1	103.2	0	0	4.7	0	0	0.693686589	0.39	0.073
20161213	0.631327455	2.721	0.8	-3.4	0	0.88	45.7	1	103.2	0	0	4.3	0	0	0.631327455	0.355	0.066
20161214	0.574574111	2.676	1.8	-8.4	0	0.64	46.7	1	103.2	0	0	3.9	0	0	0.574574111	0.323	0.06
20161215	0.522922624	2.556	2.3	-16.3	0	0.54	48	1	103.2	0	0	3.5	0	0	0.522922624	0.294	0.055
20161216	0.47591436	2.4585	0	-22	0	0.95	48	1	103.2	0	0	3.2	0	0	0.47591436	0.267	0.05
20161217	0.433131917	2.382	8.1	-11	0	0.6	52.6	1	103.2	0	0	2.9	0	0	0.433131917	0.243	0.045
20161218	0.394195412	7.671	19.8	-6.9	0	1.02	63.8	1	103.2	0	0	2.7	0	0	0.394195412	0.221	0.041
20161219	0.358759114	4.068	0	-16.7	0	0.82	63.8	1	103.2	0	0	2.4	0	0	0.358759114	0.202	0.038
20161220	0.326508371	3.1635	0	-14.1	0	0.36	63.8	1	103.2	0	0	2.2	0	0	0.326508371	0.183	0.034
20161221	0.297156817	2.7435	0	-5.1	0	0.58	63.8	1	103.2	0	0	2	0	0	0.297156817	0.167	0.031
20161222	0.270443829	2.568	3	-2.8	0	0.24	65.4	1	103.2	0	0	1.8	0	0	0.270443829	0.152	0.028
20161223	0.246132211	2.4435	0.3	-2.2	0	1.01	65.6	1	103.2	0	0	1.7	0	0	0.246132211	0.138	0.026
20161224	0.224006093	2.3985	3.3	-2.6	0	1.04	67.5	1	103.2	0	0	1.5	0	0	0.224006093	0.126	0.023
20161225	0.203869008	2.2725	1	-8	0	1.27	68	1	103.2	0	0	1.4	0	0	0.203869008	0.115	0.021
20161226	0.185542151	2.2485	2.3	-8.4	0	1.48	69.3	1	103.2	0	0	1.3	0	0	0.185542151	0.104	0.019
20161227	0.168862791	3.816	7.1	0.7	0	0.74	73.3	1	103.2	0	0	1.1	0	0	0.168862791	0.095	0.018
20161228	0.153682827	2.907	0.5	-6.9	0	0.69	73.6	1	103.2	0	0	1	0	0	0.153682827	0.086	0.016
20161229	0.13986747	2.5035	10.2	-5.6	0	0.26	79.4	1	103.2	0	0	0.9	0	0	0.13986747	0.079	0.015
20161230	0.127294048	2.334	11.7	-7.6	0	1.1	86	1	103.2	0	0	0.9	0	0	0.127294048	0.072	0.013
20161231	0.115850917	2.205	3.8	-11.1	0	0.6	88.1	1	103.2	0	0	0.8	0	0	0.115850917	0.065	0.012
20170101	0.105436469	2.1	4.8	-5.6	0	0.77	90.8	1	103.2	0	0	0.7	0	0	0.105436469	0.059	0.011
20170102	0.09595823	2.0625	0	-5.1	0	0.84	90.8	1	103.2	0	0	0.6	0	0	0.09595823	0.054	0.01
20170103	0.087332041	2.07	3.6	-3.8	0	0.53	92.8	1	103.2	0	0	0.6	0	0	0.087332041	0.049	0.009
20170104	0.079481304	2.4915	8.1	-2.4	0	0.76	97.4	1	103.2	0	0	0.5	0	0	0.079481304	0.045	0.008
20170105	0.072336312	2.2785	1.5	-7.9	0	1.25	98.2	1	103.2	0	0	0.5	0	0	0.072336312	0.041	0.008
20170106	0.065833621	2.106	0.5	-11.2	0	0.64	98.5	1	103.2	0	0	0.4	0	0	0.065833621	0.037	0.007
20170107	0.05991549	1.9845	0	-13.2	0	0.7	98.5	1	103.2	0	0	0.4	0	0	0.05991549	0.034	0.006
20170108	0.054529372	1.9065	0.5	-16.6	0	0.85	98.8	1	103.2	0	0	0.4	0	0	0.054529372	0.031	0.006
20170109	0.04962744	1.812	0	-18.9	0	0.59	98.8	1	103.2	0	0	0.3	0	0	0.04962744	0.028	0.005
20170110	0.045166169	1.677	1.5	-9.8	0	0.37	99.6	1	103.2	0	0	0.3	0	0	0.045166169	0.025	0.005
20170111	0.041105944	1.626	6.1	2	0	1.44	105.7	1	103.2	0	0	0.3	0	0	0.041105944	0.023	0.004
20170112	3.020331623	3.384	6.4	3.5	0	0.35	97	1	107.2	11.2	8.4	1	0	2.866956026	0.153375596	1.581	0.432
20170113	2.352972147	4.8105	1.8	-5.7	0	1.53	98	1	107.2	0	6.2	1.7	0	2.097419408	0.255552739	1.232	0.336
20170114	1.81888422	2.814	0.3	-15	0	0.87	98.1	1	107.2	0	4.3	2.4	0	1.470339578	0.348544642	0.953	0.26
20170115	1.392521919	2.3355	0.5	-11	0	0.73	98.4	1	107.2	0	2.8	2.9	0	0.959344906	0.433177013	0.73	0.199
20170116	1.053147015	2.145	0	-8.3	0	0.51	98.4	1	107.2	0	1.6	3.4	0	0.54294568	0.510201336	0.552	0.15
20170117	0.783931907	2.0925	2	-4.8	0	1.26	99.6	1	107.2	0	0.6	3.9	0	0.20363037	0.580301537	0.411	0.112
20170118	0.60871365	2.0535	4.1	-2.4	0	0.4	101.9	1	107.2	0	0	4.1	0	0	0.60871365	0.319	0.087
20170119	0.55399318	1.989	2	-1.4	0	0.67	103	1	107.2	0	0	3.7	0	0	0.55399318	0.291	0.079
20170120	0.504191821	1.8975	0.3	-1.5	0	0.91	103.2	1	107.2	0	0	3.4	0	0	0.504191821	0.264	0.072
20170121	0.458867367	1.866	0.8	-0.2	0	0.9	103.6	1	107.2	0	0	3.1	0	0	0.458867367	0.241	0.065
20170122	0.417617367	1.881	1.3	0.7	0	1.01	104.3	1	107.2	0	0	2.8	0	0	0.417617367	0.219	0.059
20170123	0.380075547	1.947	0.8	-2.3	0	1.07	104.8	1	107.2	0	0	2.6	0	0	0.380075547	0.199	0.054
20170124	0.345908558	2.3505	21.6	-2	0	0.98	117	1	107.2	0	0	2.3	0	0	0.345908558	0.181	0.049
20170125	0.314813019	2.247	0.8	-3.9	0	1.19	117.4	1	107.2	0	0	2.1	0	0	0.314813019	0.165	0.045
20170126	0.286512822	2.853	8.1	0.4	0	0.78	122	1	107.2	0	0	1.9	0	0	0.286512822	0.15	0.041
20170127	0.260756678	2.6865	13.7	-3.7	0	1.47	129.7	1	107.2	0	0	1.8	0	0	0.260756678	0.137	0.037
20170128	0.23731589	2.3535	2.3	-3.5	0	1.33	131	1	107.2	0	0	1.6	0	0	0.23731589	0.124	0.034
20170129	0.215982317	2.193	2	-3.4	0	1	132.1	1	107.2	0	0	1.5	0	0	0.215982317	0.113	0.031
20170130	0.196566531	2.1225	1.5	-11.3	0	1.16	133	1	107.2	0	0	1.3	0	0	0.196566531	0.103	0.028
20170131	0.178896132	2.0235	0	-13.2	0	0.95	133	1	107.2	0	0	1.2	0	0	0.178896132	0.094	0.025
20170201	0.162814218	1.902	2.8	-8.3	0	0.76	134.5	1	107.2	0	0	1.1	0	0	0.162814218	0.085	0.023
20170202	0.148177992	1.8225	1.3	-8.2	0	0.85	135.3	1	107.2	0	0	1	0	0	0.148177992	0.078	0.021
20170203	0.134857494	1.7565	2.8	-9.7	0	0.43	136.9	1	107.2	0	0	0.9	0	0	0.134857494	0.071	0.019
20170204	0.122734445	1.6845	1.8	-10.3	0	0.93	137.9	1	107.2	0	0	0.8	0	0	0.122734445	0.064	0.017
20170205	0.1117012	1.629	1.5	-7	0	0.87	138.7	1	107.2	0	0	0.8	0	0	0.1117012	0.059	0.016
20170206	0.101659792	1.6095	3.8	-9.8	0	0.98	140.9	1	107.2	0	0	0.7	0	0	0.101659792	0.053	0.014
20170207	0.092521059	1.587	12.4	-8.4	0	0.48	147.8	1	107.2	0	0	0.6	0	0	0.092521059	0.049	0.013
20170208	0.084203855	1.8495	6.1	-1.1	0	0.79	151.3	1	107.2	0	0	0.6	0	0	0.084203855	0.044	0.012
20170209	0.076634327	1.7295	5.6	-13	0	0.5	154.4	1	107.2	0	0	0.5	0	0	0.076634327	0.04	0.011
20170210	0.069745265	1.6545	1.8	-17.8	0	0.54	155.5	1	107.2	0	0	0.5	0	0	0.069745265	0.037	0.01
20170211	0.063475496	1.584	1.8	-13.6	0	0.3	156.5	1	107.2	0	0	0.4	0	0	0.063475496	0.033	0.009
20170212	0.05776935	1.524	17	-10.8	0	0.35	166.1	1	107.2	0	0	0.4	0	0	0.05776935	0.03	0.008
20170213	0.05257616	1.4985	5.3	-7.2	0	0.49	169	1	107.2	0	0	0.4	0	0	0.05257616	0.028	0.007
20170214	0.047849812	1.4415	5.6	-8.2	0	0.67	172.2	1	107.2	0	0	0.3	0	0	0.047849812	0.025	0.007
20170215	0.043548341	1.3785	6.1	-4.5	0	0.3	175.6	1	107.2	0	0	0.3	0	0	0.043548341	0.023	0.006
20170216	0.039633552	1.38	5.3	-6	0	0.39	178.6	1	107.2	0	0	0.3	0	0	0.039633552	0.021	0.006
20170217	0.036070683	1.3785	1.3	-7.1	0	1.21	179.3	1	107.2	0	0	0.2	0	0	0.036070683	0.019	0.005
20170218	0.0328281	1.374	0	-3.1	0	1.16	179.3	1	107.2	0	0	0.2	0	0	0.0328281	0.017	0.005
20170219	0.02987701	2.001	0	3.8	0	1.58	179.3	1	107.2	0	0	0.2	0	0	0.02987701	0.016	0.004
20170220	0.027191208	1.8885	0	-3.8	0	0.87	179.3	1	107.2	0	0	0.2	0	0	0.027191208	0.014	0.004
20170221	0.024746847	1.6635	0.3	-4.1	0	1.11	179.5	1	107.2	0	0	0.2	0	0	0.024746847	0.013	0.004
20170222	0.554849926	1.716	0	4.3	0	1.45	176.4	1	108	2.4	1.2	0.9	0	0.416362821	0.138487105	0.282	0.087
20170223	5.415076259	3.0405	0	6.7	0	1	153.4	1	112.7	18.3	15.2	1.6	0	5.173073606	0.242002652	2.31	1.3
20170224	6.828979267	5.0355	0.8	3.7	0	0.34	143.2	1	114.6	9.1	19.1	2.3	0	6.492766624	0.336212643	2.809	1.744
20170225	15.18912983	13.0365	19.3	5.3	0	0.41	126.3	1	119.4	31.4	39.8	2.8	0.989995761	13.77718046	0.421953603	5.754	4.372
20170226	11.30465931	12.9945	4.1	-4.7	0	1.3	128.6	1	119.4	0	31.7	3.4	0	10.80467245	0.499986857	4.286	3.25
20170227	9.136709306	7.0575	0.8	-2.9	0	1.37	129.1	1	119.4	0	25.1	3.9	0	8.565704015	0.571005291	3.466	2.625
20170228	7.376853415	5.649	0.3	1.3	0	1.26	129.4	1	119.4	0	19.8	4.3	0	6.741213909	0.635639505	2.8	2.118
20170301	10.71891806	10.5705	9.1	4.1	0	0.66	119.5	1	121.2	17.2	29.4	4.7	0	10.02445464	0.69446341	3.93	3.216
20170302	8.677919625	14.5575	5.8	-3.1	0	0.59	122.8	1	121.2	0	23.3	5	0	7.9299203	0.747999325	3.184	2.601
20170303	7.019849232	8.571	0	-11	0	0.69	122.8	1	121.2	0	18.3	5.4	0	6.223126617	0.796722615	2.578	2.102
20170304	5.673360869	6.6555	1.8	-16.5	0	0.48	123.8	1	121.2	0	14.2	5.7	0	4.832294957	0.841065912	2.085	1.697
20170305	4.580357319	5.6985	0	-13.3	0	0.9	123.8	1	121.2	0	10.9	5.9	0	3.698934362	0.881422958	1.685	1.368
20170306	3.693533826	5.2845	0.3	-7.5	0	0.94	123.9	1	121.2	0	8.1	6.2	0	2.77538173	0.918152096	1.36	1.102
20170307	2.974376824	5.094	4.3	-1	0	0.21	126.4	1	121.2	0	5.9	6.4	0	2.022797366	0.951579459	1.097	0.886
20170308	3.65293716	6.963	6.4	3.9	0	1.15	127.8	1	121.6	4.5	7.8	6.6	0	2.670935299	0.98200186	1.321	1.114
20170309	2.947375514	5.7735	6.1	-3	0	1.18	131.3	1	121.6	0	5.7	6.8	0	1.937686081	1.009689432	1.068	0.897
20170310	2.375064143	4.95	2.8	-9	0	0.54	132.8	1	121.6	0	3.9	7	0	1.340176121	1.034888023	0.862	0.721
20170311	1.911098715	4.44	0.8	-19.8	0	0.7	133.3	1	121.6	0	2.5	7.1	0	0.853277336	1.05782138	0.695	0.579
20170312	1.535206498	3.879	0	-16.5	0	1.08	133.3	1	121.6	0	1.3	7.3	0	0.456513362	1.078693136	0.56	0.463
20170313	1.230887043	3.492	0	-13.2	0	1.41	133.3	1	121.6	0	0.4	7.4	0	0.133198422	1.097688621	0.45	0.37
20170314	1.051719499	3.3915	34.3	-9.9	0	0.45	152.6	1	121.6	0	0	7.1	0	0	1.051719499	0.386	0.316
20170315	0.957174905	3.249	8.9	-9.4	0	0.27	157.6	1	121.6	0	0	6.5	0	0	0.957174905	0.351	0.287
20170316	0.871129421	3.057	2.8	-9.7	0	1.05	159.2	1	121.6	0	0	5.9	0	0	0.871129421	0.319	0.261
20170317	0.792819017	2.9175	1.5	-8.5	0	0.99	160	1	121.6	0	0	5.4	0	0	0.792819017	0.291	0.238
20170318	0.721548348	2.8035	0	-5.7	0	0.98	160	1	121.6	0	0	4.9	0	0	0.721548348	0.264	0.217
20170319	0.656684574	2.7375	0	-3.1	0	1.17	160	1	121.6	0	0	4.4	0	0	0.656684574	0.241	0.197
20170320	0.597651745	2.7645	0	-0.6	0	1.31	160	1	121.6	0	0	4	0	0	0.597651745	0.219	0.179
20170321	0.543925688	2.709	0	0.8	0	1.21	160	1	121.6	0	0	3.7	0	0	0.543925688	0.199	0.163
20170322	0.495029349	2.5305	3.3	-8.8	0	1.13	161.9	1	121.6	0	0	3.3	0	0	0.495029349	0.181	0.149
20170323	0.450528558	2.373	0	-10.2	0	0.99	161.9	1	121.6	0	0	3	0	0	0.450528558	0.165	0.135
20170324	0.410028178	2.3565	10.4	-6.1	0	0.38	167.8	1	121.6	0	0	2.8	0	0	0.410028178	0.15	0.123
20170325	0.373168589	2.2725	0.5	-4.5	0	0.43	168	1	121.6	0	0	2.5	0	0	0.373168589	0.137	0.112
20170326	0.339622503	2.2545	0.3	-2.8	0	1.24	168.2	1	121.6	0	0	2.3	0	0	0.339622503	0.124	0.102
20170327	0.309092051	2.7615	10.4	-0.3	0	0.5	174.1	1	121.6	0	0	2.1	0	0	0.309092051	0.113	0.093
20170328	0.281306141	3.2115	1.5	2.7	0	0.26	175.6	1	121.6	0	0	1.9	0	0	0.281306141	0.103	0.084
20170329	0.256018054	3.0765	1	-0.3	0	0.93	176.1	1	121.6	0	0	1.7	0	0	0.256018054	0.094	0.077
20170330	0.233003245	2.724	0	0.7	0	1.91	176.1	1	121.6	0	0	1.6	0	0	0.233003245	0.085	0.07
20170331	0.212057358	2.6415	11.7	0.3	0	1.4	182.7	1	121.6	0	0	1.4	0	0	0.212057358	0.078	0.064
20170401	0.192994408	2.4885	16	0.7	0	0.6	191.8	1	121.6	0	0	1.3	0	0	0.192994408	0.071	0.058
20170402	0.175645126	2.829	0.3	2.6	0	0.74	192.1	1	121.6	0	0	1.2	0	0	0.175645126	0.064	0.053
20170403	0.159855462	3.0285	0	2.6	0	1.2	192.1	1	121.6	0	0	1.1	0	0	0.159855462	0.059	0.048
20170404	0.145485214	3.618	10.4	1.1	0	0.39	197.9	1	121.6	0	0	1	0	0	0.145485214	0.053	0.044
20170405	0.49988025	3.888	2	1.6	0	0.79	198	1	121.8	1.8	0.7	1.7	0	0.251508585	0.248371665	0.174	0.159
20170406	4.820401696	5.7735	15.2	1.8	0	0.6	195.7	1	123	16.2	13.1	2.3	0	4.478392584	0.342009112	1.658	1.555
20170407	6.685038668	7.8195	8.4	1.9	0	0.22	193.2	1	123.7	10.3	18.4	2.9	0	6.257809672	0.427228996	2.315	2.142
20170408	5.365345495	5.853	5.1	-2.4	0	0.75	196	1	123.7	0	14.3	3.4	0	4.860557477	0.504788018	1.858	1.719
20170409	5.646134621	5.856	0.3	2.7	0	1.57	191.2	1	124	4.9	14.9	3.9	0	5.07075977	0.57537485	1.958	1.806
20170410	15.50069852	13.113	0	10.1	0	1.86	153.8	1	125.6	35.8	39.9	4.3	1.023921739	13.83716051	0.639616262	4.8	5.534
20170411	29.91516917	27.5925	1	11.7	0	1.22	109.8	1	126.8	43.8	63.4	4.7	6.210399021	23.00668748	0.698082675	7.975	11.968
20170412	29.2842101	27.558	0.3	5.7	0	0.54	91	1	127.2	18.8	62.3	5.1	5.963225073	22.5696918	0.751293235	7.371	12.151
20170413	26.7016621	20.673	2	4.1	0	1.57	78.9	1	127.4	13.8	58	5.4	5.01271734	20.88922434	0.799720418	6.42	11.381
20170414	25.5248579	19.8015	0.3	4.9	0	1.95	63.7	1	127.6	15.3	56	5.7	4.571643632	20.10942004	0.843794227	5.778	11.238
20170415	33.83930162	23.277	5.6	8.6	0	2.1	32.6	1	127.9	36.3	69.5	6	7.56095973	25.39443588	0.88390601	6.723	15.837
20170416	41.46602065	40.3245	7.9	12	0	2.4	0	0	128.1	40.3	81.9	6.2	10.30312024	30.24248848	0.920411934	7.52	20.124
20170417	29.93672629	32.2275	1.3	4.9	2.57	2.57	0	0	125.6	1.3	63	6.4	6.125861793	22.85722835	0.953636148	5.433	14.524
20170418	21.19297127	20.7435	0	3.8	2.28	2.28	0	0	123.3	0	48.7	6.6	2.956030401	17.25306721	0.983873663	3.862	10.267
20170419	18.71442881	19.071	9.1	4.2	1.35	1.35	0	0	122.5	8.6	44.6	6.8	2.050650866	15.65238497	1.011392969	3.442	9.034
20170420	13.96228492	17.841	1.8	5.3	1.83	1.83	0	0	120.8	1.7	36.8	7	0.324767846	12.60107866	1.036438419	2.586	6.723
20170421	15.44082307	19.125	14	3.8	1.76	1.76	0	0	120.2	12.8	39.1	7.1	0.850693021	13.53089765	1.059232403	3.091	7.203
20170422	12.53834813	15.3405	3.3	4.1	1.26	1.26	0	0	119.3	3	33.6	7.3	0	11.45837081	1.079977315	2.562	5.797
20170423	10.27156794	13.0785	0.3	7.7	2.25	2.25	0	0	117	0.3	26.9	7.4	0	9.172710578	1.098857358	2.105	4.742
20170424	8.351891459	11.619	0	7.9	2.32	2.32	0	0	114.7	0	21.2	7.5	0	7.235851284	1.116040175	1.714	3.854
20170425	7.561702921	10.569	3.3	7.4	1.46	1.46	0	0	113.8	2.8	18.9	7.6	0	6.430024583	1.131678338	1.603	3.438
20170426	6.793836116	10.632	2.8	11.1	0.33	0.33	0	0	113.9	2.3	16.6	7.7	0	5.647925411	1.145910705	1.484	3.045
20170427	5.753461537	8.778	1	14.7	1.39	1.39	0	0	112.7	0.8	13.5	7.8	0	4.594597888	1.158863649	1.271	2.564
20170428	4.789525103	7.551	0.5	16.6	2.27	2.27	0	0	110.5	0.4	10.6	7.9	0	3.618872918	1.170652185	1.065	2.128
20170429	4.06800993	6.5235	0.8	12.4	2.26	2.26	0	0	108.4	0.6	8.5	8	0	2.886628943	1.181380988	0.915	1.797
20170430	3.518863331	5.826	1	2.7	2.08	2.08	0	0	106.6	0.8	6.8	8	0	2.32771801	1.191145322	0.805	1.541
20170501	6.899500956	8.3595	18.8	6.2	0.81	0.81	0	0	110	14.6	16.7	8.1	0	5.699469068	1.200031888	2.045	2.555
20170502	8.781787107	12.315	14.2	7.9	0.46	0.46	0	0	112.3	11.4	22.2	8.2	0	7.573667512	1.208119595	2.866	2.989
20170503	8.124861985	9.057	4.3	3.5	1.36	1.36	0	0	111.8	3.5	20.3	8.2	0	6.90938173	1.215480255	2.705	2.712
20170504	6.613689599	7.098	0	8.2	1.64	1.64	0	0	110.1	0	15.8	8.2	0	5.391510372	1.222179227	2.191	2.219
20170505	7.694793207	8.025	10.4	7	0.94	0.94	0	0	111.2	8.3	19	8.3	0	6.466517214	1.228275992	2.735	2.395
20170506	7.746252552	8.2335	6.6	10.7	1.66	1.66	0	0	110.8	5.3	19.1	8.3	0	6.512427864	1.233824688	2.852	2.312
20170507	9.693095908	8.697	15	7.3	1.15	1.15	0	0	112.5	12.2	24.8	8.4	0	8.454221326	1.238874582	3.862	2.6
20170508	8.188698972	9.024	1.3	2.5	0.82	0.82	0	0	111.9	1.1	20.4	8.4	0	6.945228457	1.243470515	3.267	2.192
20170509	7.006036832	6.9135	1.5	2.6	1.58	1.58	0	0	110.6	1.2	16.9	8.4	0	5.758383537	1.247653295	2.804	1.867
20170510	5.705045282	6.189	0	5	2.74	2.74	0	0	107.9	0	13.1	8.4	0	4.453585219	1.251460063	2.271	1.532
20170511	4.645256074	5.5635	0	8.4	3.02	3.02	0	0	104.9	0	9.9	8.5	0	3.390331454	1.25492462	1.838	1.259
20170512	3.781985191	5.0865	0	11.1	3.24	3.24	0	0	101.6	0	7.4	8.5	0	2.523907461	1.258077731	1.486	1.035
20170513	3.137076577	4.716	0.3	11.2	1.6	1.6	0	0	100.1	0.2	5.5	8.5	0	1.876129186	1.260947391	1.228	0.864
20170514	6.062817547	6.4965	17.8	6.5	1.83	1.83	0	0	103.5	12.6	14.1	8.5	0	4.799258464	1.263559083	2.723	1.319
20170515	7.260362375	8.715	11.4	9.2	0.95	0.95	0	0	105.5	8.4	17.6	8.5	0	5.994426379	1.265935996	3.393	1.448
20170516	5.914030994	5.6175	0	13.1	2.19	2.19	0	0	103.4	0	13.6	8.6	0	4.645931758	1.268099236	2.75	1.193
20170517	4.817138769	4.7475	0	18.7	3.44	3.44	0	0	99.9	0	10.4	8.6	0	3.547070759	1.270068011	2.227	0.985
20170518	3.980255872	4.2075	0.3	23.3	4.01	4.01	0	0	96	0.2	7.9	8.6	0	2.70839607	1.271859802	1.831	0.822
20170519	3.473445174	3.954	1.3	12.2	2.39	2.39	0	0	94.1	0.8	6.5	8.6	0	2.199954654	1.27349052	1.6	0.716
20170520	2.828868121	3.627	0	9.8	3.39	3.39	0	0	90.7	0	4.6	8.6	0	1.553893478	1.274974644	1.293	0.593
20170521	2.30375664	3.3285	0	11.5	2.86	2.86	0	0	87.8	0	3	8.6	0	1.027431288	1.276325352	1.044	0.492
20170522	4.587819056	5.3085	16.5	9.5	1.4	1.4	0	0	93.2	9.8	9.7	8.6	0	3.310264418	1.277554638	2.299	0.76
20170523	3.822366607	4.278	0.5	12.6	3.32	3.32	0	0	90	0.3	7.5	8.6	0	2.54369319	1.278673417	1.907	0.641
20170524	3.113690682	3.366	0	15	1.74	1.74	0	0	88.3	0	5.4	8.6	0	1.833999059	1.279691623	1.543	0.533
20170525	2.819307817	3.0615	1.8	12.9	2.24	2.24	0	0	86.8	1	4.5	8.6	0	1.53868952	1.280618297	1.4	0.479
20170526	5.189972519	5.7885	17.8	10.1	2.73	2.73	0	0	91.5	10.4	11.5	8.6	0	3.908510851	1.281461668	2.759	0.701
20170527	4.393819625	3.84	1	12.8	2.72	2.72	0	0	89.2	0.6	9.1	8.7	0	3.111590402	1.282229223	2.33	0.599
20170528	3.579694793	3.0945	0	15.1	3.53	3.53	0	0	85.6	0	6.7	8.7	0	2.296767014	1.282927779	1.889	0.498
20170529	3.614795133	3.0885	4.6	10.9	1.31	1.31	0	0	86.4	2.5	6.8	8.7	0	2.331231594	1.283563538	1.927	0.483
20170530	3.810065679	3.3375	5.6	9.7	1.68	1.68	0	0	87.2	3.1	7.4	8.7	0	2.525923533	1.284142146	2.059	0.481
20170531	4.141630973	4.2645	6.6	13.2	3.02	3.02	0	0	87.1	3.7	8.4	8.7	0	2.856962234	1.284668739	2.272	0.489
20170601	3.49717303	3.4425	0.8	12.9	4.97	4.97	0	0	82.5	0.4	6.5	8.7	0	2.212025036	1.285147994	1.914	0.417
20170602	3.465794078	3.0255	4.3	8.3	4.09	4.09	0	0	80.5	2.2	6.4	8.7	0	2.180209912	1.285584167	1.913	0.397
20170603	3.745742515	3.591	6.6	8.1	3.26	3.26	0	0	80.5	3.3	7.2	8.7	0	2.459761386	1.285981129	2.097	0.4
20170604	4.604925816	3.654	10.9	12.4	3.81	3.81	0	0	82	5.6	9.7	8.7	0	3.31858341	1.286342406	2.635	0.435
20170605	4.552479512	3.8625	5.6	10.2	0.78	0.78	0	0	83.9	2.9	9.6	8.7	0	3.265808305	1.286671207	2.623	0.412
20170606	6.722468389	7.2825	19.3	8.2	2.92	2.92	0	0	89.4	10.9	16	8.7	0	5.435497939	1.286970449	3.988	0.493
20170607	5.557638312	4.707	0.5	13.2	4.05	4.05	0	0	85.6	0.3	12.5	8.7	0	4.270395521	1.287242792	3.291	0.414
20170608	4.528544525	3.4575	0	17.6	5.54	5.54	0	0	80.1	0	9.5	8.7	0	3.241053873	1.287490652	2.674	0.345
20170609	3.689980409	3.03	0	15.1	3.05	3.05	0	0	77	0	7	8.7	0	2.402264179	1.28771623	2.172	0.288
20170610	3.006672948	2.7135	0	15.7	4.67	4.67	0	0	72.3	0	5	8.7	0	1.718751418	1.28792153	1.764	0.241
20170611	2.50771842	2.328	0.5	21.5	3.8	3.8	0	0	68.8	0.2	3.6	8.7	0	1.219610045	1.288108375	1.467	0.205
20170612	2.043308902	1.974	0	22.7	4.8	4.86	0	0	64	0	2.2	8.7	0	0.755030479	1.288278423	1.19	0.172
20170613	1.664887169	1.686	0	18.9	4.3	4.68	0	0	59.7	0	1.1	8.7	0	0.376453985	1.288433185	0.965	0.145
20170614	1.356533689	1.563	0	13.4	5.41	6.32	0	0	54.3	0	0.2	8.7	0	0.067959655	1.288574034	0.782	0.123
20170615	1.19962962	1.4385	0	14.2	4.64	5.96	0	0	49.7	0	0	8.1	0	0	1.19962962	0.69	0.109
20170616	2.547161103	4.05	19.8	13	3.02	3.72	0	0	60.8	5.7	3.9	8.2	0	1.339407615	1.207753488	1.548	0.15
20170617	2.067798156	2.4945	0	17.6	4.59	5.27	0	0	56.2	0	2.5	8.2	0	0.852651096	1.21514706	1.25	0.128
20170618	1.701497179	1.8705	0.3	21.3	3.73	4.63	0	0	52.7	0.1	1.4	8.2	0	0.479621195	1.221875984	1.024	0.11
20170619	3.610082156	6.699	24.9	20.5	4	4.57	0	0	65.5	8	7	8.3	0	2.382082146	1.22800001	2.259	0.148
20170620	4.462855299	6.5175	14	17	5.59	5.59	0	0	68.5	5.5	9.5	8.3	0	3.229281784	1.233573515	2.819	0.156
20170621	3.63131733	3.5205	0	14.6	4.88	4.97	0	0	63.6	0	7	8.4	0	2.392671341	1.238645988	2.289	0.132
20170622	2.954196879	2.6745	0	15.9	3.24	3.56	0	0	60.3	0	5	8.4	0	1.710934409	1.24326247	1.857	0.112
20170623	4.725577138	5.8185	22.4	18.1	4.07	4.22	0	0	70.3	8.4	10.2	8.4	0	3.478113186	1.247463953	3.021	0.129
20170624	7.207482934	10.0875	26.2	17.1	4.93	4.93	0	0	79.5	12.1	17.5	8.4	0	5.956195193	1.251287742	4.66	0.145
20170625	6.988723404	5.5305	8.1	15.4	5.62	5.62	0	0	77.9	4	16.8	8.5	0	5.733955614	1.25476779	4.526	0.133
20170626	5.691614397	4.6095	0	13.5	5.45	5.45	0	0	72.5	0	13	8.5	0	4.433679398	1.257934999	3.682	0.113
20170627	5.464141442	3.9585	6.9	13.7	3.55	3.55	0	0	72.8	3	12.3	8.5	0	4.203323952	1.26081749	3.54	0.103
20170628	4.685058877	4.011	2	12.3	3.68	3.68	0	0	70.3	0.8	10	8.5	0	3.421618017	1.263440859	3.034	0.089
20170629	8.08848592	8.205	32.3	13.3	2.8	2.8	0	0	84.4	15.4	20	8.5	0	6.822657519	1.2658284	5.292	0.101
20170630	6.927455112	9.9615	2.3	16.7	4.28	4.28	0	0	81.2	1.2	16.6	8.6	0	5.659453799	1.268001312	4.531	0.087
20170701	7.644238427	9.024	13.7	17.6	3.87	3.87	0	0	83.8	7.2	18.7	8.6	0	6.374259537	1.26997889	5.012	0.084
20170702	6.34308854	6.9855	0.8	18.5	5.7	5.7	0	0	78.5	0.4	14.9	8.6	0	5.071309847	1.271778693	4.157	0.072
20170703	5.40413067	5.262	1.8	16.1	7.57	7.57	0	0	71.9	0.9	12.1	8.6	0	4.130713968	1.273416702	3.54	0.062
20170704	4.402137662	4.326	0	16	7.29	7.29	0	0	64.6	0	9.2	8.6	0	3.1272302	1.274907462	2.882	0.053
20170705	3.585775779	3.7095	0	17.1	6.94	7.5	0	0	57.7	0	6.8	8.6	0	2.30951157	1.276264209	2.345	0.046
20170706	2.920668184	3.195	0	18.8	5.6	6.78	0	0	52.1	0	4.8	8.6	0	1.643169192	1.277498992	1.908	0.039
20170707	2.65341463	2.9655	3.8	18.9	3.53	4.6	0	0	51.3	1	4	8.6	0	1.374791857	1.278622773	1.734	0.035
20170708	3.017543168	3.756	11.2	17.4	3.04	3.83	0	0	56.4	3.1	5.1	8.6	0	1.737897637	1.279645532	1.978	0.033
20170709	2.537157363	3.2385	1	16.3	3.23	3.97	0	0	53.9	0.3	3.7	8.6	0	1.256581014	1.280576349	1.662	0.029
20170710	2.066580864	2.553	0	17.8	3.01	3.9	0	0	50.9	0	2.3	8.6	0	0.785157374	1.281423491	1.352	0.025
20170711	1.855517108	2.289	2.5	19.5	4.02	5.42	0	0	48.8	0.6	1.7	8.7	0	0.573322629	1.282194478	1.214	0.023
20170712	1.57468171	2.1855	1	18.7	4.64	6.59	0	0	44.9	0.2	0.9	8.7	0	0.291785553	1.282896158	1.03	0.02
20170713	2.01064395	3.9015	11.4	14.4	2.89	4.1	0	0	50.8	2.6	2.1	8.7	0	0.727109191	1.28353476	1.321	0.02
20170714	1.938874219	3.189	4.3	13.4	1.27	1.69	0	0	52.7	1.1	1.9	8.7	0	0.654758265	1.284115954	1.275	0.018
20170715	1.61509556	2.751	0.5	17.3	3.76	4.96	0	0	49.3	0.1	1	8.7	0	0.330450658	1.284644902	1.061	0.016
20170716	1.367226482	2.037	0.8	18.8	4.35	6.11	0	0	45.6	0.2	0.2	8.7	0	0.082100182	1.2851263	0.897	0.014
20170717	1.784082832	2.5125	10.4	19.7	3.32	4.68	0	0	50.3	2.4	1.5	8.7	0	0.49851841	1.285564422	1.175	0.014
20170718	1.486590351	2.2275	0.5	19.7	3.79	5.25	0	0	46.8	0.1	0.6	8.7	0	0.200627191	1.28596316	0.979	0.012
20170719	1.258441524	1.6155	0.3	20.2	4.19	6.23	0	0	42.9	0.1	0	8.5	0	0	1.258441524	0.828	0.011
20170720	1.152909852	1.3305	0.3	19.9	3.72	6.04	0	0	39.4	0.1	0	7.8	0	0	1.152909852	0.758	0.01
20170721	1.049268724	1.077	0	19.6	4.02	7.11	0	0	35.4	0	0	7.1	0	0	1.049268724	0.69	0.009
20170722	0.960612331	0.891	0.3	18.6	2.9	5.71	0	0	32.7	0	0	6.5	0	0	0.960612331	0.632	0.008
20170723	0.879292549	0.774	0.3	16.9	2.57	5.45	0	0	30.4	0	0	5.9	0	0	0.879292549	0.579	0.008
20170724	1.30226265	1.6275	15.2	12.5	2.33	4.41	0	0	41	2.3	1.1	6.2	0	0.386049449	0.916213201	0.861	0.008
20170725	1.176461612	2.106	3	13.5	2.66	4.39	0	0	40.8	0.5	0.7	6.4	0	0.22664675	0.949814862	0.777	0.007
20170726	0.965873096	1.2285	0.5	15.9	3.38	5.75	0	0	37.9	0.1	0	6.5	0	0	0.965873096	0.638	0.006
20170727	0.900003705	1.0755	1	16.8	2.67	4.87	0	0	36.1	0.2	0	6.1	0	0	0.900003705	0.594	0.006
20170728	0.848609073	0.921	1.5	14.9	3.42	6.51	0	0	33.9	0.2	0	5.7	0	0	0.848609073	0.561	0.005
20170729	0.772323142	0.6765	0	14.7	2.45	5.05	0	0	31.5	0	0	5.2	0	0	0.772323142	0.51	0.005
20170730	0.702894955	0.5415	0	15.8	3.28	7.27	0	0	28.2	0	0	4.7	0	0	0.702894955	0.464	0.004
20170731	0.653062811	0.5025	1	18.3	1.28	3.12	0	0	27.8	0.1	0	4.4	0	0	0.653062811	0.432	0.004
20170801	0.598280174	0.459	0.3	18.9	1.6	4	0	0	26.5	0	0	4	0	0	0.598280174	0.395	0.004
20170802	0.544497624	0.3495	0	19.7	1.68	4.43	0	0	24.8	0	0	3.7	0	0	0.544497624	0.36	0.003
20170803	0.702633181	1.2135	11.2	19.8	2.73	6.39	0	0	32.1	1.2	0.3	4.1	0	0.091118429	0.611514752	0.465	0.003
20170804	0.608864666	0.801	1	19.7	2.71	5.81	0	0	30.2	0.1	0	4.1	0	0	0.608864666	0.403	0.003
20170805	2.430473649	5.814	35.6	16.1	2.69	4.22	0	0	56	7.2	5.2	4.5	0	1.760378147	0.670095502	1.617	0.003
20170806	2.144509611	2.715	2.8	13.7	5.07	6.21	0	0	52.9	0.8	4.2	4.9	0	1.418687635	0.725821976	1.427	0.003
20170807	1.997888066	1.5675	4.1	15.1	4.2	5.39	0	0	51.7	1.1	3.6	5.2	0	1.221349162	0.776538905	1.329	0.003
20170808	1.6838709	1.4085	1.5	15	4.87	6.51	0	0	47.9	0.4	2.5	5.6	0	0.861174278	0.822696622	1.12	0.002
20170809	1.408443579	0.9525	1.3	16.1	4.47	6.43	0	0	44.5	0.3	1.6	5.8	0	0.5437386	0.864704979	0.937	0.002
20170810	1.134780688	0.711	0.5	18.1	2.62	4.09	0	0	42.3	0.1	0.7	6.1	0	0.231843704	0.902936984	0.755	0.002
20170811	0.920939901	0.6165	0.3	18.9	3.21	5.28	0	0	39.3	0.1	0	6.2	0	0	0.920939901	0.612	0.002
20170812	1.472125027	1.269	13.7	18.5	2.11	3.28	0	0	48.2	2.7	1.5	6.4	0	0.518008374	0.954116654	0.98	0.002
20170813	1.432650209	1.191	4.1	16.4	2.38	3.34	0	0	48.9	1	1.3	6.6	0	0.448339235	0.984310973	0.954	0.001
20170814	1.170209353	0.732	0.5	16.7	3.08	4.38	0	0	46.2	0.1	0.5	6.8	0	0.158418386	1.011790967	0.779	0.001
20170815	2.309502149	1.878	19.1	17.7	3.41	4.47	0	0	56.9	5	3.7	7	0	1.27270151	1.03680064	1.538	0.001
20170816	1.938189486	1.581	1	13.4	3.34	4.06	0	0	54.3	0.3	2.6	7.2	0	0.878627425	1.059562061	1.291	0.001
20170817	1.557447976	0.8385	0	14	2.91	3.74	0	0	51.4	0	1.4	7.3	0	0.477170637	1.080277339	1.037	0.001
20170818	2.4145341	2.514	14.7	15	2	2.46	0	0	59.9	4.2	3.9	7.4	0	1.315403688	1.099130411	1.609	0.001
20170819	2.062673664	1.584	1.3	18.5	4.68	5.41	0	0	56.1	0.4	2.8	7.5	0	0.946384982	1.116288682	1.374	0.001
20170820	1.742868053	1.107	1	16.9	4.59	5.67	0	0	52.3	0.3	1.8	7.6	0	0.610963548	1.131904506	1.161	0.001
20170821	1.440407635	0.7815	0.5	18.8	3.73	4.97	0	0	48.9	0.1	0.9	7.7	0	0.294291094	1.146116541	0.96	0.001
20170822	1.594380279	0.888	6.4	20.2	3.49	4.75	0	0	50.2	1.6	1.3	7.8	0	0.435329298	1.159050981	1.062	0.001
20170823	1.319942948	0.8835	0.5	15.4	4.03	5.58	0	0	46.6	0.1	0.4	7.9	0	0.149120271	1.170822677	0.879	0.001
20170824	1.124579577	0.5835	0	13.8	3.3	4.95	0	0	43.3	0	0	7.6	0	0	1.124579577	0.749	0.001
20170825	1.023485207	0.51	0	12.4	2.45	3.94	0	0	40.8	0	0	6.9	0	0	1.023485207	0.682	0.001
20170826	0.931478741	0.4635	0	12.4	2.48	4.24	0	0	38.4	0	0	6.3	0	0	0.931478741	0.621	0
20170827	0.847743221	0.3945	0	13.2	2.8	5.09	0	0	35.6	0	0	5.7	0	0	0.847743221	0.565	0
20170828	0.771535126	0.324	0	13.8	2.76	5.42	0	0	32.8	0	0	5.2	0	0	0.771535126	0.514	0
20170829	0.702177777	0.297	0	13	1.91	4.06	0	0	30.9	0	0	4.7	0	0	0.702177777	0.468	0
20170830	0.639055326	0.267	0	13.9	2.13	4.8	0	0	28.8	0	0	4.3	0	0	0.639055326	0.426	0
20170831	0.581607283	0.258	0	11.5	1.35	3.27	0	0	27.4	0	0	3.9	0	0	0.581607283	0.387	0
20170901	0.529323547	0.261	0	7.7	2.31	5.87	0	0	25.1	0	0	3.6	0	0	0.529323547	0.353	0
20170902	0.48173987	0.2175	0	10	2.02	5.6	0	0	23.1	0	0	3.3	0	0	0.48173987	0.321	0
20170903	1.655916772	2.01	32	10.2	1.54	2.92	0	0	48.7	4.8	3.2	3.7	0	1.101518149	0.554398623	1.104	0
20170904	1.528352486	2.7915	3.8	14.7	3.51	4.88	0	0	48.1	0.9	2.7	4.2	0	0.907826789	0.620525697	1.019	0
20170905	2.27540792	3.2835	15	14.6	2.38	3.1	0	0	56.8	3.9	4.7	4.6	0	1.594699658	0.680708262	1.517	0
20170906	2.264155718	2.5845	5.6	12.8	1.9	2.26	0	0	58.8	1.7	4.5	5	0	1.528675019	0.735480699	1.509	0
20170907	2.377431283	2.2575	6.6	12.7	3.04	3.47	0	0	60.3	2.1	4.7	5.3	0	1.592101928	0.785329354	1.585	0
20170908	1.976849323	1.683	1	11.4	2.63	3.03	0	0	58.3	0.3	3.4	5.6	0	1.146152471	0.830696852	1.318	0
20170909	1.692890811	1.4745	1.5	11.4	3.86	4.57	0	0	55.5	0.5	2.4	5.9	0	0.820904784	0.871986026	1.128	0
20170910	1.440617262	1.119	1.3	11.8	2.86	3.57	0	0	53.6	0.4	1.6	6.1	0	0.531053762	0.9095635	0.96	0
20170911	1.159672095	0.822	0.3	14	3.23	4.19	0	0	50.6	0.1	0.6	6.4	0	0.215909159	0.943762937	0.773	0
20170912	0.954131057	0.66	0.3	14.8	3.44	4.74	0	0	47.4	0.1	0	6.4	0	0	0.954131057	0.636	0
20170913	0.868359201	0.552	0	16.3	3.13	4.62	0	0	44.2	0	0	5.9	0	0	0.868359201	0.579	0
20170914	0.790297827	0.525	0	16.5	1.8	2.84	0	0	42.4	0	0	5.3	0	0	0.790297827	0.527	0
20170915	0.719253801	0.462	0	19.5	2.37	3.9	0	0	40.1	0	0	4.9	0	0	0.719253801	0.479	0
20170916	0.654596295	0.4125	0	19.2	2.39	4.17	0	0	37.7	0	0	4.4	0	0	0.654596295	0.436	0
20170917	0.595751193	0.3855	0	18.3	2.18	4.05	0	0	35.5	0	0	4	0	0	0.595751193	0.397	0
20170918	0.542195987	0.354	0	19.6	1.27	2.5	0	0	34.2	0	0	3.7	0	0	0.542195987	0.361	0
20170919	0.493455139	0.3255	0	18.2	0.81	1.65	0	0	33.4	0	0	3.3	0	0	0.493455139	0.329	0
20170920	0.449095863	0.3015	0	18.3	1.95	4.07	0	0	31.5	0	0	3	0	0	0.449095863	0.299	0
20170921	0.413461651	0.249	0.3	17.6	2.25	4.97	0	0	29.5	0	0	2.8	0	0	0.413461651	0.276	0
20170922	0.37629341	0.1965	0	16.6	1.75	4.13	0	0	27.7	0	0	2.5	0	0	0.37629341	0.251	0
20170923	0.342466417	0.1875	0	17.7	1.44	3.62	0	0	26.3	0	0	2.3	0	0	0.342466417	0.228	0
20170924	0.31168031	0.177	0	21.6	1.55	4.12	0	0	24.7	0	0	2.1	0	0	0.31168031	0.208	0
20170925	0.283661729	0.1785	0	22.5	1.62	4.57	0	0	23.1	0	0	1.9	0	0	0.283661729	0.189	0
20170926	0.258161885	0.2205	0	22.2	1.3	3.92	0	0	21.8	0	0	1.7	0	0	0.258161885	0.172	0
20170927	0.253635645	0.1815	2	22.1	1.24	3.79	0	0	22.4	0.1	0	1.7	0	0	0.253635645	0.169	0
20170928	0.24529768	0.2115	1.5	13	1.47	4.44	0	0	22.4	0.1	0	1.7	0	0	0.24529768	0.164	0
20170929	0.223246582	0.1995	0	8.1	1.35	4.22	0	0	21	0	0	1.5	0	0	0.223246582	0.149	0
20170930	0.205739055	0.2205	0.3	6.8	0.56	1.84	0	0	20.7	0	0	1.4	0	0	0.205739055	0.137	0