Date	Qsim	Qobs	Precipitation	Temperature	AET	PET	Snow	Snowcover	SM	Recharge	SUZ	SLZ	Q0	Q1	Q2	Qsim_rain	Qsim_snow
20151001	1.5285954288	1.116	0.0	7.9	2.27	2.27	0.0	0.00	69.7	0.0	0.0	15.5	0.000	0.000	1.5285954288	1.529	0.000
20151002	1.3911819498	0.592	0.0	5.9	1.68	1.68	0.0	0.00	68.0	0.0	0.0	14.1	0.000	0.000	1.3911819498	1.391	0.000
20151003	1.2661212909	0.452	0.0	6.2	1.86	1.91	0.0	0.00	66.2	0.0	0.0	12.8	0.000	0.000	1.2661212909	1.266	0.000
20151004	1.1523029921	0.376	0.0	6.4	1.80	1.90	0.0	0.00	64.4	0.0	0.0	11.7	0.000	0.000	1.1523029921	1.152	0.000
20151005	1.0487164185	0.340	0.0	7.3	2.12	2.30	0.0	0.00	62.3	0.0	0.0	10.6	0.000	0.000	1.0487164185	1.049	0.000
20151006	0.9574207512	0.319	0.1	8.6	2.47	2.77	0.0	0.00	59.8	0.0	0.0	9.7	0.000	0.000	0.9574207512	0.957	0.000
20151007	0.8713531667	0.314	0.0	10.8	1.75	2.04	0.0	0.00	58.1	0.0	0.0	8.8	0.000	0.000	0.8713531667	0.871	0.000
20151008	0.7930226498	0.308	0.0	7.1	1.50	1.80	0.0	0.00	56.6	0.0	0.0	8.0	0.000	0.000	0.7930226498	0.793	0.000
20151009	1.2300404058	1.196	17.1	7.1	1.07	1.19	0.0	0.00	67.0	5.7	0.0	12.5	0.000	0.000	1.2300404058	1.230	0.000
20151010	1.1294559813	0.728	0.3	4.9	1.99	2.07	0.0	0.00	65.2	0.1	0.0	11.4	0.000	0.000	1.1294559813	1.129	0.000
20151011	1.0279232455	0.533	0.0	9.3	2.02	2.16	0.0	0.00	63.2	0.0	0.0	10.4	0.000	0.000	1.0279232455	1.028	0.000
20151012	0.9355178212	0.467	0.0	13.4	2.12	2.34	0.0	0.00	61.0	0.0	0.0	9.5	0.000	0.000	0.9355178212	0.935	0.000
20151013	1.0008613170	0.469	5.0	13.2	1.42	1.58	0.0	0.00	63.0	1.7	0.0	10.1	0.000	0.000	1.000861317	1.001	0.000
20151014	1.0640538598	0.666	4.9	6.0	1.61	1.74	0.0	0.00	64.5	1.7	0.0	10.8	0.000	0.000	1.0640538598	1.064	0.000
20151015	0.9684004646	0.539	0.0	6.4	2.00	2.16	0.0	0.00	62.5	0.0	0.0	9.8	0.000	0.000	0.9684004646	0.968	0.000
20151016	0.9480280329	0.553	2.2	4.2	1.91	2.11	0.0	0.00	62.1	0.7	0.0	9.6	0.000	0.000	0.9480280329	0.948	0.000
20151017	0.8628048093	0.594	7.2	-0.6	2.04	2.30	4.1	1.00	60.0	0.0	0.0	8.7	0.000	0.000	0.8628048093	0.863	0.000
20151018	0.7852427492	0.564	0.8	-3.3	0.00	1.09	4.5	1.00	60.0	0.0	0.0	7.9	0.000	0.000	0.7852427492	0.785	0.000
20151019	0.7146531504	0.516	0.8	-2.3	0.00	2.01	5.0	1.00	60.0	0.0	0.0	7.2	0.000	0.000	0.7146531504	0.715	0.000
20151020	0.8073013438	0.569	0.4	7.1	0.00	1.33	0.0	0.00	63.7	1.7	0.0	8.2	0.000	0.000	0.8073013438	0.795	0.012
20151021	0.7624678384	0.528	0.9	9.6	1.23	1.34	0.0	0.00	63.0	0.3	0.0	7.7	0.000	0.000	0.7624678384	0.750	0.013
20151022	0.7242764866	0.495	1.0	10.5	1.02	1.12	0.0	0.00	62.7	0.3	0.0	7.3	0.000	0.000	0.7242764866	0.710	0.014
20151023	0.6681939643	0.459	0.3	1.8	0.82	0.92	0.0	0.00	62.0	0.1	0.0	6.8	0.000	0.000	0.6681939643	0.655	0.013
20151024	0.6081264961	0.416	0.0	1.6	1.75	1.97	0.0	0.00	60.3	0.0	0.0	6.2	0.000	0.000	0.6081264961	0.596	0.012
20151025	0.6639172536	0.519	3.8	6.4	1.36	1.54	0.0	0.00	61.5	1.2	0.0	6.7	0.000	0.000	0.6639172536	0.645	0.019
20151026	0.6276301649	0.476	0.8	1.8	1.27	1.44	0.0	0.00	60.8	0.3	0.0	6.4	0.000	0.000	0.6276301649	0.609	0.019
20151027	0.5712091899	0.432	0.0	2.4	0.92	1.05	0.0	0.00	59.9	0.0	0.0	5.8	0.000	0.000	0.5712091899	0.554	0.017
20151028	1.0992587230	0.944	18.0	3.1	0.91	0.97	0.0	0.00	70.5	6.4	0.0	11.1	0.000	0.000	1.099258723	1.054	0.046
20151029	1.6702870362	3.926	16.9	10.5	1.72	1.72	0.0	0.00	78.2	7.5	0.0	16.9	0.000	0.000	1.6702870362	1.600	0.070
20151030	1.5201361538	1.432	1.5	1.2	1.04	1.04	0.8	1.00	77.2	0.0	0.0	15.4	0.000	0.000	1.5201361538	1.457	0.064
20151031	1.4184219728	1.030	0.0	1.8	0.00	1.32	0.0	0.00	77.6	0.4	0.0	14.4	0.000	0.000	1.4184219728	1.359	0.060
20151101	1.3284493090	0.931	0.9	5.2	0.84	0.84	0.0	0.00	77.3	0.4	0.0	13.4	0.000	0.000	1.328449309	1.272	0.056
20151102	1.2297347322	0.828	0.5	5.7	1.50	1.50	0.0	0.00	76.0	0.2	0.0	12.4	0.000	0.000	1.2297347322	1.177	0.052
20151103	1.1232284972	0.793	0.1	8.2	1.05	1.05	0.0	0.00	75.1	0.0	0.0	11.4	0.000	0.000	1.1232284972	1.075	0.048
20151104	1.0222555828	0.746	0.0	7.5	1.26	1.26	0.0	0.00	73.8	0.0	0.0	10.3	0.000	0.000	1.0222555828	0.979	0.044
20151105	0.9303596545	0.736	0.0	11.9	1.51	1.51	0.0	0.00	72.3	0.0	0.0	9.4	0.000	0.000	0.9303596545	0.891	0.040
20151106	0.8504657574	0.721	0.1	14.4	1.60	1.60	0.0	0.00	70.8	0.0	0.0	8.6	0.000	0.000	0.8504657574	0.814	0.036
20151107	0.8322198878	0.692	1.6	6.7	1.53	1.53	0.0	0.00	70.2	0.6	0.0	8.4	0.000	0.000	0.8322198878	0.796	0.036
20151108	0.7574072671	0.691	0.6	1.1	1.66	1.66	0.3	1.00	68.5	0.0	0.0	7.7	0.000	0.000	0.7574072671	0.725	0.033
20151109	0.7009757355	0.660	0.0	3.9	0.00	0.95	0.0	0.00	68.7	0.1	0.0	7.1	0.000	0.000	0.7009757355	0.671	0.030
20151110	0.6379613416	0.636	0.0	5.1	1.33	1.35	0.0	0.00	67.4	0.0	0.0	6.5	0.000	0.000	0.6379613416	0.610	0.028
20151111	0.5974192158	0.642	0.5	6.2	0.91	0.94	0.0	0.00	66.8	0.2	0.0	6.0	0.000	0.000	0.5974192158	0.571	0.026
20151112	0.8891911649	0.860	9.8	5.4	1.30	1.30	0.0	0.00	71.5	3.8	0.0	9.0	0.000	0.000	0.8891911649	0.849	0.040
20151113	1.2720740917	1.728	11.8	3.6	1.49	1.49	0.0	0.00	76.6	5.1	0.0	12.9	0.000	0.000	1.2720740917	1.217	0.055
20151114	1.1577206643	1.754	4.9	-1.4	1.56	1.56	2.8	1.00	75.0	0.0	0.0	11.7	0.000	0.000	1.1577206643	1.107	0.050
20151115	1.0536470676	1.139	0.2	0.3	0.00	1.24	2.9	1.00	75.0	0.0	0.0	10.7	0.000	0.000	1.0536470676	1.008	0.046
20151116	0.9589291937	1.105	1.0	0.3	0.00	0.98	3.4	1.00	75.0	0.0	0.0	9.7	0.000	0.000	0.9589291937	0.917	0.042
20151117	0.8727260074	0.978	0.0	-0.8	0.00	0.81	3.4	1.00	75.0	0.0	0.0	8.8	0.000	0.000	0.8727260074	0.835	0.038
20151118	0.7942720787	0.876	0.0	0.7	0.00	1.22	3.4	1.00	75.0	0.0	0.0	8.0	0.000	0.000	0.7942720787	0.760	0.035
20151119	1.1231028225	0.909	6.2	5.3	0.00	1.07	0.0	0.00	80.2	4.5	0.0	11.4	0.000	0.000	1.1231028225	1.061	0.062
20151120	1.3706999129	2.448	7.7	2.6	0.69	0.69	0.0	0.00	83.4	3.9	0.0	13.9	0.000	0.000	1.3706999129	1.290	0.081
20151121	1.2474804919	1.382	0.0	-0.1	1.25	1.25	0.0	0.00	82.1	0.0	0.0	12.6	0.000	0.000	1.2474804919	1.174	0.074
20151122	1.1444236595	1.177	0.2	2.4	1.08	1.08	0.0	0.00	81.1	0.1	0.0	11.6	0.000	0.000	1.1444236595	1.077	0.068
20151123	1.0415454006	1.032	1.6	-5.1	0.94	0.94	0.9	1.00	80.2	0.0	0.0	10.5	0.000	0.000	1.0415454006	0.980	0.062
20151124	0.9479154091	0.903	0.0	-7.0	0.00	0.38	0.9	1.00	80.2	0.0	0.0	9.6	0.000	0.000	0.9479154091	0.892	0.056
20151125	0.8627023098	0.904	0.0	-3.3	0.00	0.52	0.9	1.00	80.2	0.0	0.0	8.7	0.000	0.000	0.8627023098	0.812	0.051
20151126	0.7851494639	0.903	0.0	1.1	0.00	0.48	0.9	1.00	80.2	0.0	0.0	7.9	0.000	0.000	0.7851494639	0.739	0.047
20151127	0.7938660361	0.918	0.9	5.7	0.00	1.19	0.0	0.00	81.1	0.9	0.0	8.0	0.000	0.000	0.7938660361	0.745	0.049
20151128	0.7225012448	1.010	1.2	0.3	1.05	1.05	0.7	1.00	80.1	0.0	0.0	7.3	0.000	0.000	0.7225012448	0.678	0.044
20151129	0.6575518097	0.903	0.6	-5.4	0.00	0.29	1.0	1.00	80.1	0.0	0.0	6.7	0.000	0.000	0.6575518097	0.617	0.040
20151130	0.5984410208	0.793	0.1	-6.7	0.00	0.22	1.1	1.00	80.1	0.0	0.0	6.1	0.000	0.000	0.5984410208	0.562	0.037
20151201	0.5446440114	0.886	8.2	-4.3	0.00	0.65	5.7	1.00	80.1	0.0	0.0	5.5	0.000	0.000	0.5446440114	0.511	0.033
20151202	1.4510953754	3.150	19.8	1.5	0.00	0.72	5.4	1.00	89.5	10.6	0.0	14.7	0.000	0.000	1.4510953754	1.353	0.098
20151203	1.3206487837	2.823	9.4	1.1	0.00	1.31	10.7	1.00	89.5	0.0	0.0	13.4	0.000	0.000	1.3206487837	1.231	0.089
20151204	1.2019287219	1.756	3.3	-0.6	0.00	1.15	12.6	1.00	89.5	0.0	0.0	12.2	0.000	0.000	1.2019287219	1.121	0.081
20151205	1.0938810305	1.641	0.8	0.4	0.00	0.85	13.0	1.00	89.5	0.0	0.0	11.1	0.000	0.000	1.0938810305	1.020	0.074
20151206	0.9955463142	1.519	0.0	-0.1	0.00	0.95	13.0	1.00	89.5	0.0	0.0	10.1	0.000	0.000	0.9955463142	0.928	0.067
20151207	0.9060514224	1.415	0.0	-0.7	0.00	1.20	13.0	1.00	89.5	0.0	0.0	9.2	0.000	0.000	0.9060514224	0.845	0.061
20151208	0.8246016969	1.357	0.5	-2.1	0.00	0.41	13.3	1.00	89.5	0.0	0.0	8.3	0.000	0.000	0.8246016969	0.769	0.056
20151209	0.7504739155	1.346	0.0	0.4	0.00	0.68	13.3	1.00	89.5	0.0	0.0	7.6	0.000	0.000	0.7504739155	0.700	0.051
20151210	1.2683175695	1.485	0.0	4.2	0.00	0.74	2.4	1.00	93.9	6.5	0.0	12.8	0.000	0.000	1.2683175695	1.122	0.147
20151211	1.2891300874	1.555	0.0	5.2	0.00	0.65	0.0	0.00	94.8	1.5	0.0	13.1	0.000	0.000	1.2891300874	1.130	0.159
20151212	1.1902086414	1.411	0.3	3.6	0.33	0.33	0.0	0.00	94.6	0.2	0.0	12.0	0.000	0.000	1.1902086414	1.042	0.148
20151213	1.1001209451	1.283	0.3	1.4	0.88	0.88	0.0	0.00	93.8	0.2	0.0	11.1	0.000	0.000	1.1001209451	0.962	0.138
20151214	1.0848904390	1.250	1.5	3.7	0.64	0.64	0.0	0.00	93.8	0.9	0.0	11.0	0.000	0.000	1.084890439	0.943	0.142
20151215	1.5820852231	2.227	10.4	3.7	0.54	0.54	0.0	0.00	97.0	6.6	0.0	16.0	0.000	0.000	1.5820852231	1.352	0.230
20151216	1.4398632654	1.702	0.8	-1.5	0.95	0.95	0.5	1.00	96.1	0.0	0.0	14.6	0.000	0.000	1.4398632654	1.231	0.209
20151217	1.6466133154	1.604	5.3	2.1	0.00	0.60	0.0	0.00	98.1	3.7	0.0	16.7	0.000	0.000	1.6466133154	1.401	0.245
20151218	1.6059991446	2.089	1.8	1.3	1.02	1.02	0.0	0.00	97.7	1.2	0.0	16.3	0.000	0.000	1.6059991446	1.365	0.241
20151219	1.4616274388	1.610	5.8	-4.2	0.82	0.82	3.3	1.00	96.8	0.0	0.0	14.8	0.000	0.000	1.4616274388	1.243	0.219
20151220	1.3302340645	1.473	0.5	-6.5	0.00	0.36	3.6	1.00	96.8	0.0	0.0	13.5	0.000	0.000	1.3302340645	1.131	0.199
20151221	1.2106523314	1.446	1.3	-3.4	0.00	0.58	4.3	1.00	96.8	0.0	0.0	12.3	0.000	0.000	1.2106523314	1.029	0.181
20151222	3.1837173372	4.738	20.6	2.7	0.00	0.24	0.0	0.00	104.6	17.2	4.6	21.6	0.000	1.0481014528	2.1356158844	2.678	0.506
20151223	2.8838053531	3.627	7.9	4.8	1.01	1.01	0.0	0.00	105.6	5.8	0.0	29.2	0.000	0.000	2.8838053531	2.432	0.452
20151224	3.2399673635	5.496	9.1	7.1	1.04	1.04	0.0	0.00	106.8	6.8	0.0	32.8	0.000	0.000	3.2399673635	2.742	0.498
20151225	2.9487096647	3.355	0.0	3.7	1.27	1.27	0.0	0.00	105.5	0.0	0.0	29.9	0.000	0.000	2.9487096647	2.496	0.453
20151226	2.6836346516	2.822	0.0	-0.1	1.48	1.48	0.0	0.00	104.1	0.0	0.0	27.2	0.000	0.000	2.6836346516	2.272	0.412
20151227	2.4423886249	4.305	11.7	-1.5	0.74	0.74	6.6	1.00	103.3	0.0	0.0	24.7	0.000	0.000	2.4423886249	2.067	0.375
20151228	2.2228294717	3.357	1.8	-8.5	0.00	0.69	7.6	1.00	103.3	0.0	0.0	22.5	0.000	0.000	2.2228294717	1.882	0.341
20151229	2.0230076451	3.062	26.9	-8.4	0.00	0.26	22.8	1.00	103.3	0.0	0.0	20.5	0.000	0.000	2.0230076451	1.712	0.311
20151230	1.8411488529	2.735	3.3	-4.0	0.00	1.10	24.6	1.00	103.3	0.0	0.0	18.6	0.000	0.000	1.8411488529	1.558	0.283
20151231	1.6756383036	2.643	3.3	-1.4	0.00	0.60	26.5	1.00	103.3	0.0	0.0	17.0	0.000	0.000	1.6756383036	1.418	0.257
20160101	1.5250063677	2.500	2.8	-3.1	0.00	0.77	28.1	1.00	103.3	0.0	0.0	15.4	0.000	0.000	1.5250063677	1.291	0.234
20160102	1.3879155283	2.339	0.8	-4.5	0.00	0.84	28.5	1.00	103.3	0.0	0.0	14.1	0.000	0.000	1.3879155283	1.175	0.213
20160103	1.2631485052	2.225	1.8	-5.0	0.00	0.53	29.5	1.00	103.3	0.0	0.0	12.8	0.000	0.000	1.2631485052	1.069	0.194
20160104	1.1495974457	2.115	1.0	-13.8	0.00	0.76	30.1	1.00	103.3	0.0	0.0	11.6	0.000	0.000	1.1495974457	0.973	0.177
20160105	1.0462540879	2.022	0.3	-17.5	0.00	1.25	30.3	1.00	103.3	0.0	0.0	10.6	0.000	0.000	1.0462540879	0.886	0.161
20160106	0.9522008078	1.919	0.0	-10.3	0.00	0.64	30.3	1.00	103.3	0.0	0.0	9.6	0.000	0.000	0.9522008078	0.806	0.146
20160107	0.8666024714	1.800	0.0	-5.6	0.00	0.70	30.3	1.00	103.3	0.0	0.0	8.8	0.000	0.000	0.8666024714	0.734	0.133
20160108	0.7886990196	1.753	0.0	-5.2	0.00	0.85	30.3	1.00	103.3	0.0	0.0	8.0	0.000	0.000	0.7886990196	0.668	0.121
20160109	0.7177987185	1.727	0.0	-0.6	0.00	0.59	30.3	1.00	103.3	0.0	0.0	7.3	0.000	0.000	0.7177987185	0.608	0.110
20160110	3.9704358050	6.849	31.5	2.0	0.00	0.37	30.3	1.00	110.9	23.8	10.1	17.1	0.000	2.2833683313	1.6870674737	3.453	0.517
20160111	2.4389586141	5.554	1.8	-5.9	0.00	1.44	31.4	1.00	110.9	0.0	0.0	24.7	0.000	0.000	2.4389586141	2.116	0.323
20160112	2.2197078027	3.136	0.3	-7.2	0.00	0.35	31.5	1.00	110.9	0.0	0.0	22.5	0.000	0.000	2.2197078027	1.926	0.294
20160113	2.0201665993	2.619	3.3	-13.2	0.00	1.53	33.4	1.00	110.9	0.0	0.0	20.5	0.000	0.000	2.0201665993	1.753	0.268
20160114	1.8385632037	2.367	0.5	-13.2	0.00	0.87	33.7	1.00	110.9	0.0	0.0	18.6	0.000	0.000	1.8385632037	1.595	0.243
20160115	1.6732850919	2.206	0.0	-9.7	0.00	0.73	33.7	1.00	110.9	0.0	0.0	16.9	0.000	0.000	1.6732850919	1.452	0.222
20160116	1.5228646986	2.124	4.6	-2.6	0.00	0.51	36.3	1.00	110.9	0.0	0.0	15.4	0.000	0.000	1.5228646986	1.321	0.202
20160117	1.3859663851	2.016	0.3	-7.1	0.00	1.26	36.4	1.00	110.9	0.0	0.0	14.0	0.000	0.000	1.3859663851	1.202	0.184
20160118	1.2613745807	1.878	5.3	-11.7	0.00	0.40	39.4	1.00	110.9	0.0	0.0	12.8	0.000	0.000	1.2613745807	1.094	0.167
20160119	1.1479829886	1.765	2.0	-15.4	0.00	0.67	40.5	1.00	110.9	0.0	0.0	11.6	0.000	0.000	1.1479829886	0.996	0.152
20160120	1.0447847628	1.637	1.3	-12.0	0.00	0.91	41.3	1.00	110.9	0.0	0.0	10.6	0.000	0.000	1.0447847628	0.906	0.138
20160121	0.9508635681	1.556	0.8	-13.8	0.00	0.90	41.7	1.00	110.9	0.0	0.0	9.6	0.000	0.000	0.9508635681	0.825	0.126
20160122	0.8653854432	1.458	0.0	-11.8	0.00	1.01	41.7	1.00	110.9	0.0	0.0	8.8	0.000	0.000	0.8653854432	0.751	0.115
20160123	0.7875913964	1.383	0.0	-11.0	0.00	1.07	41.7	1.00	110.9	0.0	0.0	8.0	0.000	0.000	0.7875913964	0.683	0.104
20160124	0.7167906654	1.268	0.0	-10.1	0.00	0.98	41.7	1.00	110.9	0.0	0.0	7.3	0.000	0.000	0.7167906654	0.622	0.095
20160125	0.6523545843	1.172	0.0	-6.0	0.00	1.19	41.7	1.00	110.9	0.0	0.0	6.6	0.000	0.000	0.6523545843	0.566	0.086
20160126	0.5937110013	1.156	1.8	-1.8	0.00	0.78	42.7	1.00	110.9	0.0	0.0	6.0	0.000	0.000	0.5937110013	0.515	0.079
20160127	0.5403391983	1.149	0.8	-5.7	0.00	1.47	43.2	1.00	110.9	0.0	0.0	5.5	0.000	0.000	0.5403391983	0.469	0.072
20160128	0.4917652672	1.122	0.3	-6.9	0.00	1.33	43.4	1.00	110.9	0.0	0.0	5.0	0.000	0.000	0.4917652672	0.427	0.065
20160129	0.4475579021	1.065	0.0	-3.2	0.00	1.00	43.4	1.00	110.9	0.0	0.0	4.5	0.000	0.000	0.4475579021	0.388	0.059
20160130	0.4073245695	1.028	0.0	-4.9	0.00	1.16	43.4	1.00	110.9	0.0	0.0	4.1	0.000	0.000	0.4073245695	0.353	0.054
20160131	0.3707080226	0.987	0.0	-0.2	0.00	0.95	43.4	1.00	110.9	0.0	0.0	3.8	0.000	0.000	0.3707080226	0.322	0.049
20160201	0.3373831297	1.314	0.0	2.1	0.00	0.76	43.4	1.00	110.9	0.0	0.0	3.4	0.000	0.000	0.3373831297	0.293	0.045
20160202	0.3070539865	1.256	0.0	-3.8	0.00	0.85	43.4	1.00	110.9	0.0	0.0	3.1	0.000	0.000	0.3070539865	0.266	0.041
20160203	0.2794512895	1.980	11.4	-1.8	0.00	0.43	49.8	1.00	110.9	0.0	0.0	2.8	0.000	0.000	0.2794512895	0.242	0.037
20160204	0.2543299440	2.251	0.5	1.2	0.00	0.93	50.1	1.00	110.9	0.0	0.0	2.6	0.000	0.000	0.254329944	0.221	0.034
20160205	0.2314668883	1.600	0.3	-5.4	0.00	0.87	50.2	1.00	110.9	0.0	0.0	2.3	0.000	0.000	0.2314668883	0.201	0.031
20160206	0.2106591129	1.293	0.0	-5.5	0.00	0.98	50.2	1.00	110.9	0.0	0.0	2.1	0.000	0.000	0.2106591129	0.183	0.028
20160207	0.1917218578	1.158	0.0	-3.7	0.00	0.48	50.2	1.00	110.9	0.0	0.0	1.9	0.000	0.000	0.1917218578	0.166	0.025
20160208	0.1744869721	1.029	1.5	-7.1	0.00	0.79	51.1	1.00	110.9	0.0	0.0	1.8	0.000	0.000	0.1744869721	0.151	0.023
20160209	0.1588014209	0.916	3.3	-6.8	0.00	0.50	52.9	1.00	110.9	0.0	0.0	1.6	0.000	0.000	0.1588014209	0.138	0.021
20160210	0.1445259264	0.894	1.0	-4.8	0.00	0.54	53.5	1.00	110.9	0.0	0.0	1.5	0.000	0.000	0.1445259264	0.125	0.019
20160211	0.1315337311	0.871	1.0	-14.5	0.00	0.30	54.1	1.00	110.9	0.0	0.0	1.3	0.000	0.000	0.1315337311	0.114	0.017
20160212	0.1197094725	0.845	0.0	-16.6	0.00	0.35	54.1	1.00	110.9	0.0	0.0	1.2	0.000	0.000	0.1197094725	0.104	0.016
20160213	0.1089481587	0.838	1.3	-21.1	0.00	0.49	54.8	1.00	110.9	0.0	0.0	1.1	0.000	0.000	0.1089481587	0.095	0.014
20160214	0.0991542360	0.830	0.0	-25.3	0.00	0.67	54.8	1.00	110.9	0.0	0.0	1.0	0.000	0.000	0.099154236	0.086	0.013
20160215	0.0902407405	0.823	0.0	-17.7	0.00	0.30	54.8	1.00	110.9	0.0	0.0	0.9	0.000	0.000	0.0902407405	0.078	0.012
20160216	0.0821285259	3.469	29.7	-1.9	0.00	0.39	71.5	1.00	110.9	0.0	0.0	0.8	0.000	0.000	0.0821285259	0.071	0.011
20160217	0.0747455610	3.215	0.0	-4.7	0.00	1.21	71.5	1.00	110.9	0.0	0.0	0.8	0.000	0.000	0.074745561	0.065	0.010
20160218	0.0680262896	1.557	0.0	-10.4	0.00	1.16	71.5	1.00	110.9	0.0	0.0	0.7	0.000	0.000	0.0680262896	0.059	0.009
20160219	0.0619110488	1.329	4.8	-8.5	0.00	1.58	74.2	1.00	110.9	0.0	0.0	0.6	0.000	0.000	0.0619110488	0.054	0.008
20160220	0.0563455391	1.221	11.2	-0.5	0.00	0.87	80.6	1.00	110.9	0.0	0.0	0.6	0.000	0.000	0.0563455391	0.049	0.007
20160221	0.0512803424	1.322	2.3	-2.5	0.00	1.11	81.9	1.00	110.9	0.0	0.0	0.5	0.000	0.000	0.0512803424	0.044	0.007
20160222	0.0466704829	1.223	0.3	-10.1	0.00	1.45	82.0	1.00	110.9	0.0	0.0	0.5	0.000	0.000	0.0466704829	0.040	0.006
20160223	0.0424750278	1.108	0.0	-9.6	0.00	1.00	82.0	1.00	110.9	0.0	0.0	0.4	0.000	0.000	0.0424750278	0.037	0.006
20160224	0.0386567243	2.554	32.5	-1.9	0.00	0.34	100.3	1.00	110.9	0.0	0.0	0.4	0.000	0.000	0.0386567243	0.034	0.005
20160225	1.9572520515	13.910	28.7	1.6	0.00	0.41	109.1	1.00	114.5	16.3	3.9	10.8	0.000	0.8882749279	1.0689771236	1.737	0.220
20160226	1.3243799639	5.036	1.0	-9.5	0.00	1.30	109.7	1.00	114.5	0.0	0.0	13.4	0.000	0.000	1.3243799639	1.175	0.149
20160227	1.2053244866	3.619	0.0	-8.6	0.00	1.37	109.7	1.00	114.5	0.0	0.0	12.2	0.000	0.000	1.2053244866	1.069	0.136
20160228	1.0969715322	3.085	1.0	1.4	0.00	1.26	110.7	1.00	114.5	0.0	0.0	11.1	0.000	0.000	1.0969715322	0.973	0.124
20160229	1.2593363900	3.157	4.8	1.7	0.00	1.26	112.0	1.00	115.1	2.9	0.0	12.7	0.000	0.000	1.25933639	1.117	0.142
20160301	1.1461280216	2.891	0.3	-7.6	0.00	0.66	112.2	1.00	115.1	0.0	0.0	11.6	0.000	0.000	1.1461280216	1.017	0.129
20160302	1.0430965485	2.560	13.7	-7.6	0.00	0.59	119.9	1.00	115.1	0.0	0.0	10.6	0.000	0.000	1.0430965485	0.925	0.118
20160303	0.9493271162	2.368	0.3	-14.5	0.00	0.69	120.1	1.00	115.1	0.0	0.0	9.6	0.000	0.000	0.9493271162	0.842	0.107
20160304	0.8639871111	2.204	0.0	-13.0	0.00	0.48	120.1	1.00	115.1	0.0	0.0	8.7	0.000	0.000	0.8639871111	0.766	0.098
20160305	0.7863187677	1.984	0.0	-10.4	0.00	0.90	120.1	1.00	115.1	0.0	0.0	8.0	0.000	0.000	0.7863187677	0.698	0.089
20160306	0.7156324400	1.821	0.0	-5.6	0.00	0.94	120.1	1.00	115.1	0.0	0.0	7.2	0.000	0.000	0.71563244	0.635	0.081
20160307	0.6513004779	1.791	2.8	-3.1	0.00	0.21	121.7	1.00	115.1	0.0	0.0	6.6	0.000	0.000	0.6513004779	0.578	0.074
20160308	0.5927516541	1.792	0.0	3.1	0.00	1.15	121.7	1.00	115.1	0.0	0.0	6.0	0.000	0.000	0.5927516541	0.526	0.067
20160309	3.8300436595	3.496	0.0	8.8	0.00	1.18	94.3	1.00	118.7	23.7	9.9	15.9	0.000	2.2567821122	1.5732615473	2.835	0.995
20160310	6.7741881827	9.592	15.5	4.1	0.00	0.54	82.3	1.00	121.4	24.8	19.0	25.0	0.000	4.308559931	2.4656282517	4.739	2.035
20160311	4.6598512447	8.586	1.5	-0.8	0.00	0.70	83.1	1.00	121.4	0.0	6.1	33.2	0.000	1.3820758229	3.2777754218	3.290	1.370
20160312	4.4003448601	6.622	0.0	3.3	0.00	1.08	75.0	1.00	122.1	7.5	1.7	40.7	0.000	0.3834304467	4.0169144134	3.069	1.331
20160313	4.2462522007	6.679	0.0	2.5	0.00	1.41	69.7	1.00	122.5	4.9	0.0	43.0	0.000	0.000	4.2462522007	2.934	1.313
20160314	3.8645342678	5.417	4.8	-1.4	0.00	0.45	72.4	1.00	122.5	0.0	0.0	39.1	0.000	0.000	3.8645342678	2.670	1.195
20160315	4.2824971098	5.389	1.3	3.3	0.00	0.27	64.6	1.00	123.1	8.5	0.0	43.4	0.000	0.000	4.2824971098	2.875	1.408
20160316	8.0758261647	7.689	5.8	7.0	0.00	1.05	40.3	1.00	124.7	28.5	13.8	49.9	0.000	3.1445097777	4.931316387	4.729	3.347
20160317	9.4911262144	8.940	1.3	5.7	0.00	0.99	21.7	1.00	125.5	19.1	17.5	55.9	0.000	3.9693163258	5.5218098886	5.222	4.269
20160318	7.1648538939	6.288	1.8	-2.7	0.00	0.98	22.7	1.00	125.5	0.0	4.9	61.3	0.000	1.1056330689	6.059220825	4.056	3.109
20160319	5.9520351031	5.130	0.5	-6.2	0.00	1.17	23.0	1.00	125.5	0.0	0.0	60.3	0.000	0.000	5.9520351031	3.423	2.529
20160320	5.4169753778	4.577	0.0	-4.3	0.00	1.31	23.0	1.00	125.5	0.0	0.0	54.8	0.000	0.000	5.4169753778	3.115	2.302
20160321	4.9300149841	4.244	0.0	-1.1	0.00	1.21	23.0	1.00	125.5	0.0	0.0	49.9	0.000	0.000	4.9300149841	2.835	2.095
20160322	4.4868300201	3.701	0.0	-2.4	0.00	1.13	23.0	1.00	125.5	0.0	0.0	45.4	0.000	0.000	4.4868300201	2.580	1.907
20160323	4.0834852823	3.568	1.5	0.0	0.00	0.99	23.8	1.00	125.5	0.0	0.0	41.3	0.000	0.000	4.0834852823	2.348	1.735
20160324	3.7163993234	3.266	4.1	-3.1	0.00	0.38	26.1	1.00	125.5	0.0	0.0	37.6	0.000	0.000	3.7163993234	2.137	1.579
20160325	3.3823126511	3.635	5.8	-0.2	0.00	0.43	29.4	1.00	125.5	0.0	0.0	34.2	0.000	0.000	3.3823126511	1.945	1.437
20160326	3.0782587861	3.523	0.0	1.2	0.00	1.24	29.4	1.00	125.5	0.0	0.0	31.2	0.000	0.000	3.0782587861	1.770	1.308
20160327	3.6839948183	3.342	0.0	4.4	0.00	0.50	19.2	1.00	125.9	9.8	0.0	37.3	0.000	0.000	3.6839948183	1.977	1.707
20160328	4.8299864440	4.481	13.7	1.4	0.00	0.26	18.6	1.00	126.3	13.9	2.0	44.4	0.000	0.4433698311	4.3866166128	2.479	2.351
20160329	4.1677262322	4.507	4.1	-2.0	0.00	0.93	20.9	1.00	126.3	0.0	0.0	42.2	0.000	0.000	4.1677262322	2.151	2.016
20160330	3.7930674115	3.464	0.0	1.4	0.00	1.91	20.9	1.00	126.3	0.0	0.0	38.4	0.000	0.000	3.7930674115	1.958	1.835
20160331	6.1410022936	3.409	0.0	7.2	0.00	1.40	0.0	0.00	126.8	20.4	7.3	45.4	0.000	1.6551181964	4.4858840972	2.860	3.281
20160401	8.2976815359	7.248	21.8	7.6	0.60	0.60	0.0	0.00	126.6	21.4	14.0	51.8	0.000	3.181261687	5.1164198489	3.966	4.332
20160402	6.5697713942	5.250	2.3	2.7	0.74	0.74	0.0	0.00	125.9	2.2	3.9	57.6	0.000	0.879497967	5.6902734272	3.159	3.411
20160403	5.5267705219	4.035	1.3	-6.6	1.20	1.20	0.7	1.00	124.7	0.0	0.0	56.0	0.000	0.000	5.5267705219	2.662	2.865
20160404	5.0299400654	3.379	0.0	-8.6	0.00	0.39	0.7	1.00	124.7	0.0	0.0	50.9	0.000	0.000	5.0299400654	2.423	2.607
20160405	4.5777723106	3.052	0.0	-7.8	0.00	0.79	0.7	1.00	124.7	0.0	0.0	46.3	0.000	0.000	4.5777723106	2.205	2.373
20160406	4.1662522922	2.841	3.8	-3.6	0.00	0.60	2.9	1.00	124.7	0.0	0.0	42.2	0.000	0.000	4.1662522922	2.007	2.159
20160407	5.8698615120	4.811	15.0	2.8	0.00	0.22	0.0	0.00	125.4	17.1	4.6	48.9	0.000	1.0443400848	4.8255214272	2.950	2.920
20160408	4.8049852145	5.221	8.4	-1.8	0.75	0.75	4.7	1.00	124.7	0.0	0.0	48.6	0.000	0.000	4.8049852145	2.395	2.410
20160409	4.3730398338	3.752	0.5	-3.8	0.00	1.57	5.0	1.00	124.7	0.0	0.0	44.3	0.000	0.000	4.3730398338	2.179	2.194
20160410	3.9799242941	3.241	0.5	-4.4	0.00	1.86	5.3	1.00	124.7	0.0	0.0	40.3	0.000	0.000	3.9799242941	1.983	1.997
20160411	3.6221479768	3.349	7.6	-0.1	0.00	1.22	9.6	1.00	124.7	0.0	0.0	36.7	0.000	0.000	3.6221479768	1.805	1.817
20160412	5.3227569455	6.278	13.7	2.4	0.00	0.54	5.7	1.00	125.4	16.9	4.4	43.8	0.000	0.9924274364	4.3303295091	2.793	2.530
20160413	4.5410205256	3.992	0.3	1.8	0.00	1.57	3.6	1.00	125.5	2.3	0.0	46.0	0.000	0.000	4.5410205256	2.368	2.173
20160414	4.4450414020	3.437	0.0	3.2	0.00	1.95	0.0	0.00	125.6	3.5	0.0	45.0	0.000	0.000	4.445041402	2.326	2.119
20160415	4.0454532628	3.153	0.0	5.3	2.10	2.10	0.0	0.00	123.5	0.0	0.0	41.0	0.000	0.000	4.0454532628	2.117	1.929
20160416	3.6817862021	2.927	0.0	7.0	2.40	2.40	0.0	0.00	121.1	0.0	0.0	37.3	0.000	0.000	3.6817862021	1.927	1.755
20160417	3.3508110852	2.740	0.0	10.8	2.57	2.57	0.0	0.00	118.5	0.0	0.0	33.9	0.000	0.000	3.3508110852	1.753	1.597
20160418	3.3362444498	2.715	3.6	10.4	2.28	2.28	0.0	0.00	116.7	3.2	0.0	33.8	0.000	0.000	3.3362444498	1.756	1.580
20160419	3.8339079510	4.629	10.2	6.7	1.35	1.35	0.0	0.00	116.7	8.9	0.0	38.8	0.000	0.000	3.833907951	2.073	1.761
20160420	3.4892578104	3.092	0.0	5.4	1.83	1.83	0.0	0.00	114.8	0.0	0.0	35.3	0.000	0.000	3.4892578104	1.887	1.602
20160421	3.1755900828	2.674	0.0	10.2	1.76	1.76	0.0	0.00	113.1	0.0	0.0	32.1	0.000	0.000	3.1755900828	1.717	1.458
20160422	3.0011200548	2.642	1.5	14.9	1.26	1.26	0.0	0.00	112.1	1.2	0.0	30.4	0.000	0.000	3.0011200548	1.630	1.372
20160423	2.7678101074	2.532	0.5	4.9	2.25	2.25	0.0	0.00	109.9	0.4	0.0	28.0	0.000	0.000	2.7678101074	1.505	1.263
20160424	2.5189971065	2.301	0.0	3.5	2.32	2.32	0.0	0.00	107.6	0.0	0.0	25.5	0.000	0.000	2.5189971065	1.370	1.149
20160425	2.2925512142	2.157	0.0	3.5	1.46	1.46	0.0	0.00	106.1	0.0	0.0	23.2	0.000	0.000	2.2925512142	1.247	1.046
20160426	2.0864617336	2.213	8.1	0.2	0.33	0.33	4.6	1.00	105.8	0.0	0.0	21.1	0.000	0.000	2.0864617336	1.135	0.952
20160427	1.8988987199	2.759	0.5	1.0	0.00	1.39	4.8	1.00	105.8	0.0	0.0	19.2	0.000	0.000	1.8988987199	1.033	0.866
20160428	1.7281967314	2.361	0.0	1.1	0.00	2.27	4.8	1.00	105.8	0.0	0.0	17.5	0.000	0.000	1.7281967314	0.940	0.788
20160429	1.8989938169	2.071	0.0	4.6	0.00	2.26	0.0	0.00	107.0	3.6	0.0	19.2	0.000	0.000	1.8989938169	1.043	0.856
20160430	1.7282832797	1.902	0.0	7.3	2.08	2.08	0.0	0.00	104.9	0.0	0.0	17.5	0.000	0.000	1.7282832797	0.949	0.779
20160501	1.9996731284	2.001	6.4	6.4	0.81	0.81	0.0	0.00	105.8	4.7	0.0	20.2	0.000	0.000	1.9996731284	1.120	0.879
20160502	2.8468743500	3.685	15.0	4.2	0.46	0.46	0.0	0.00	108.9	11.4	0.0	28.8	0.000	0.000	2.84687435	1.687	1.160
20160503	2.6119021100	2.943	0.3	5.1	1.36	1.36	0.0	0.00	107.6	0.2	0.0	26.4	0.000	0.000	2.61190211	1.549	1.063
20160504	2.3771044985	2.463	0.0	5.2	1.64	1.64	0.0	0.00	105.9	0.0	0.0	24.1	0.000	0.000	2.3771044985	1.410	0.967
20160505	2.1634140787	2.270	0.0	8.3	0.94	0.94	0.0	0.00	105.0	0.0	0.0	21.9	0.000	0.000	2.1634140787	1.283	0.880
20160506	1.9689334141	1.994	0.0	12.7	1.66	1.66	0.0	0.00	103.4	0.0	0.0	19.9	0.000	0.000	1.9689334141	1.168	0.801
20160507	1.7919356388	1.875	0.0	13.0	1.15	1.15	0.0	0.00	102.2	0.0	0.0	18.1	0.000	0.000	1.7919356388	1.063	0.729
20160508	3.1939290051	3.494	19.6	4.1	0.82	0.82	0.0	0.00	106.6	14.4	2.3	27.0	0.000	0.5292844255	2.6646445796	2.073	1.121
20160509	2.6683624751	2.563	0.5	2.3	1.58	1.58	0.0	0.00	105.2	0.4	0.0	27.0	0.000	0.000	2.6683624751	1.718	0.951
20160510	2.4284893446	2.120	0.0	6.9	2.74	2.74	0.0	0.00	102.4	0.0	0.0	24.6	0.000	0.000	2.4284893446	1.563	0.865
20160511	2.2101796709	1.923	0.0	9.7	3.02	3.02	0.0	0.00	99.4	0.0	0.0	22.4	0.000	0.000	2.2101796709	1.423	0.787
20160512	2.0114950013	1.807	0.0	14.9	3.24	3.24	0.0	0.00	96.2	0.0	0.0	20.4	0.000	0.000	2.0114950013	1.295	0.717
20160513	2.5268117795	2.636	11.7	14.3	1.60	1.60	0.0	0.00	98.5	7.7	0.0	25.6	0.000	0.000	2.5268117795	1.694	0.833
20160514	2.9066533257	2.615	9.9	13.1	1.83	1.83	0.0	0.00	99.9	6.8	0.0	29.4	0.000	0.000	2.9066533257	2.005	0.902
20160515	3.3924118569	4.502	11.9	4.6	0.95	0.95	0.0	0.00	102.5	8.3	0.0	34.3	0.000	0.000	3.3924118569	2.414	0.978
20160516	3.0874501212	3.117	4.3	1.0	2.19	2.19	2.4	1.00	100.3	0.0	0.0	31.3	0.000	0.000	3.0874501212	2.197	0.890
20160517	2.9597568320	2.596	0.0	6.2	0.00	3.44	0.0	0.00	101.1	1.7	0.0	30.0	0.000	0.000	2.959756832	2.115	0.845
20160518	2.6936887309	2.360	0.0	8.0	4.01	4.01	0.0	0.00	97.1	0.0	0.0	27.3	0.000	0.000	2.6936887309	1.925	0.769
20160519	2.6938248055	2.355	4.1	11.3	2.39	2.39	0.0	0.00	96.1	2.7	0.0	27.3	0.000	0.000	2.6938248055	1.941	0.753
20160520	2.4689703823	2.305	0.3	12.5	3.39	3.39	0.0	0.00	92.8	0.2	0.0	25.0	0.000	0.000	2.4689703823	1.780	0.689
20160521	2.2470216552	2.031	0.0	14.4	2.86	2.86	0.0	0.00	89.9	0.0	0.0	22.7	0.000	0.000	2.2470216552	1.620	0.627
20160522	2.2988191060	1.966	4.8	15.5	1.40	1.40	0.0	0.00	90.5	2.8	0.0	23.3	0.000	0.000	2.298819106	1.675	0.624
20160523	2.0921661717	1.738	0.0	12.0	3.32	3.32	0.0	0.00	87.2	0.0	0.0	21.2	0.000	0.000	2.0921661717	1.525	0.568
20160524	1.9438964808	1.604	0.8	16.3	1.74	1.74	0.0	0.00	85.8	0.4	0.0	19.7	0.000	0.000	1.9438964808	1.419	0.525
20160525	1.7837171734	1.513	0.3	17.8	2.24	2.24	0.0	0.00	83.7	0.2	0.0	18.1	0.000	0.000	1.7837171734	1.303	0.481
20160526	1.6233694597	1.334	0.0	17.9	2.73	2.73	0.0	0.00	81.0	0.0	0.0	16.4	0.000	0.000	1.6233694597	1.186	0.437
20160527	1.6258001543	1.211	3.3	21.3	2.72	2.72	0.0	0.00	79.9	1.7	0.0	16.5	0.000	0.000	1.6258001543	1.198	0.427
20160528	1.4796484316	1.060	0.0	22.8	3.53	3.53	0.0	0.00	76.4	0.0	0.0	15.0	0.000	0.000	1.4796484316	1.091	0.389
20160529	1.3873065765	0.969	1.0	21.1	1.31	1.31	0.0	0.00	75.6	0.5	0.0	14.0	0.000	0.000	1.3873065765	1.025	0.362
20160530	1.3759151636	1.100	2.8	19.6	1.68	1.68	0.0	0.00	75.5	1.3	0.0	13.9	0.000	0.000	1.3759151636	1.025	0.351
20160531	1.3123695046	0.970	1.5	18.1	3.02	3.02	0.0	0.00	73.3	0.7	0.0	13.3	0.000	0.000	1.3123695046	0.982	0.330
20160601	1.1943937107	0.807	0.0	16.9	4.97	4.97	0.0	0.00	68.3	0.0	0.0	12.1	0.000	0.000	1.1943937107	0.894	0.301
20160602	1.0870233811	0.697	0.0	17.8	4.00	4.09	0.0	0.00	64.3	0.0	0.0	11.0	0.000	0.000	1.0870233811	0.813	0.274
20160603	1.0206088807	0.686	1.0	18.2	3.02	3.26	0.0	0.00	61.9	0.3	0.0	10.3	0.000	0.000	1.0206088807	0.766	0.255
20160604	0.9288609830	0.582	0.0	17.8	3.38	3.81	0.0	0.00	58.6	0.0	0.0	9.4	0.000	0.000	0.928860983	0.697	0.232
20160605	4.4496495681	6.100	56.9	14.7	0.78	0.78	0.0	0.00	89.3	25.4	11.3	19.0	0.000	2.5704933263	1.8791562418	3.906	0.543
20160606	2.8160827306	3.323	1.0	15.8	2.92	2.92	0.0	0.00	86.8	0.6	0.3	27.8	0.000	0.0720582666	2.744024464	2.435	0.381
20160607	2.5505848011	1.761	0.5	15.3	4.05	4.05	0.0	0.00	83.0	0.3	0.0	25.8	0.000	0.000	2.5505848011	2.205	0.345
20160608	2.3814367946	1.497	1.3	9.7	5.54	5.54	0.0	0.00	78.1	0.7	0.0	24.1	0.000	0.000	2.3814367946	2.062	0.320
20160609	2.3078743649	1.494	3.3	6.3	3.05	3.05	0.0	0.00	76.8	1.6	0.0	23.4	0.000	0.000	2.3078743649	2.005	0.303
20160610	2.1127039236	1.334	0.3	9.3	4.67	4.67	0.0	0.00	72.3	0.1	0.0	21.4	0.000	0.000	2.1127039236	1.836	0.277
20160611	1.9526828348	1.261	0.8	9.1	3.80	3.80	0.0	0.00	68.9	0.3	0.0	19.8	0.000	0.000	1.9526828348	1.698	0.254
20160612	1.8757644468	1.317	2.8	9.7	4.86	4.86	0.0	0.00	65.8	1.1	0.0	19.0	0.000	0.000	1.8757644468	1.636	0.240
20160613	2.0672811715	2.320	10.4	10.4	4.63	4.68	0.0	0.00	67.5	4.0	0.0	20.9	0.000	0.000	2.0672811715	1.824	0.243
20160614	1.8814423993	1.758	0.0	12.6	6.11	6.32	0.0	0.00	61.4	0.0	0.0	19.0	0.000	0.000	1.8814423993	1.660	0.221
20160615	1.7210634863	1.105	0.3	15.9	5.26	5.96	0.0	0.00	56.4	0.1	0.0	17.4	0.000	0.000	1.7210634863	1.519	0.202
20160616	1.5663480419	0.865	0.0	16.6	3.00	3.72	0.0	0.00	53.4	0.0	0.0	15.9	0.000	0.000	1.5663480419	1.382	0.184
20160617	1.4255407821	0.704	0.0	16.2	4.03	5.27	0.0	0.00	49.3	0.0	0.0	14.4	0.000	0.000	1.4255407821	1.258	0.167
20160618	1.2973914271	0.610	0.0	17.3	3.27	4.63	0.0	0.00	46.1	0.0	0.0	13.1	0.000	0.000	1.2973914271	1.145	0.152
20160619	1.1807620914	0.522	0.0	19.1	3.01	4.57	0.0	0.00	43.0	0.0	0.0	12.0	0.000	0.000	1.1807620914	1.042	0.139
20160620	1.0746171797	0.444	0.0	21.6	3.45	5.59	0.0	0.00	39.6	0.0	0.0	10.9	0.000	0.000	1.0746171797	0.948	0.126
20160621	1.0341527873	0.435	3.6	15.9	2.93	4.97	0.0	0.00	39.6	0.6	0.0	10.5	0.000	0.000	1.0341527873	0.916	0.118
20160622	1.1168584430	0.963	10.2	12.2	2.23	3.56	0.0	0.00	45.7	2.0	0.0	11.3	0.000	0.000	1.116858443	1.000	0.117
20160623	1.0257452309	0.691	0.5	14.6	2.77	4.22	0.0	0.00	43.3	0.1	0.0	10.4	0.000	0.000	1.0257452309	0.919	0.107
20160624	0.9386723410	0.455	0.3	15.6	3.06	4.93	0.0	0.00	40.5	0.1	0.0	9.5	0.000	0.000	0.938672341	0.841	0.097
20160625	0.8542901496	0.358	0.0	17.6	3.26	5.62	0.0	0.00	37.2	0.0	0.0	8.6	0.000	0.000	0.8542901496	0.766	0.089
20160626	0.7774935171	0.298	0.0	20.3	2.90	5.45	0.0	0.00	34.3	0.0	0.0	7.9	0.000	0.000	0.7774935171	0.697	0.081
20160627	0.7076005376	0.269	0.0	19.1	1.74	3.55	0.0	0.00	32.6	0.0	0.0	7.2	0.000	0.000	0.7076005376	0.634	0.073
20160628	2.2599245682	3.820	54.6	20.2	2.77	3.68	0.0	0.00	69.7	14.6	2.6	17.0	0.000	0.5821385073	1.6777860609	2.163	0.097
20160629	1.9997411965	2.979	6.6	17.6	2.80	2.80	0.0	0.00	70.8	2.7	0.0	20.2	0.000	0.000	1.9997411965	1.913	0.087
20160630	1.8308545577	1.099	0.3	17.5	4.28	4.28	0.0	0.00	66.7	0.1	0.0	18.5	0.000	0.000	1.8308545577	1.752	0.079
20160701	2.1728296259	1.314	14.0	17.4	3.87	3.87	0.0	0.00	71.2	5.6	0.0	22.0	0.000	0.000	2.1728296259	2.094	0.079
20160702	2.0251880489	1.384	1.3	12.2	5.70	5.70	0.0	0.00	66.3	0.5	0.0	20.5	0.000	0.000	2.0251880489	1.953	0.073
20160703	1.8431332487	0.835	0.0	14.7	7.20	7.57	0.0	0.00	59.1	0.0	0.0	18.7	0.000	0.000	1.8431332487	1.777	0.066
20160704	1.6774443117	0.568	0.0	18.0	6.18	7.29	0.0	0.00	52.9	0.0	0.0	17.0	0.000	0.000	1.6774443117	1.617	0.060
20160705	1.5266500242	0.459	0.0	19.2	5.69	7.50	0.0	0.00	47.2	0.0	0.0	15.5	0.000	0.000	1.5266500242	1.472	0.055
20160706	1.3894114279	0.367	0.0	20.8	4.59	6.78	0.0	0.00	42.7	0.0	0.0	14.1	0.000	0.000	1.3894114279	1.340	0.050
20160707	1.3588979886	0.558	5.3	21.9	2.95	4.60	0.0	0.00	43.9	1.0	0.0	13.8	0.000	0.000	1.3588979886	1.312	0.047
20160708	1.2367395047	0.531	0.0	18.5	2.41	3.83	0.0	0.00	41.5	0.0	0.0	12.5	0.000	0.000	1.2367395047	1.194	0.042
20160709	1.5358418422	1.310	19.8	14.5	2.79	3.97	0.0	0.00	54.0	4.6	0.0	15.5	0.000	0.000	1.5358418422	1.494	0.042
20160710	1.5384786753	1.557	5.6	13.9	3.13	3.90	0.0	0.00	54.9	1.6	0.0	15.6	0.000	0.000	1.5384786753	1.499	0.039
20160711	1.4373037206	0.989	1.5	16.3	4.30	5.42	0.0	0.00	51.7	0.4	0.0	14.6	0.000	0.000	1.4373037206	1.401	0.036
20160712	1.3080969332	0.587	0.0	18.2	4.88	6.59	0.0	0.00	46.8	0.0	0.0	13.2	0.000	0.000	1.3080969332	1.275	0.033
20160713	1.1905052232	0.423	0.0	20.7	2.75	4.10	0.0	0.00	44.0	0.0	0.0	12.1	0.000	0.000	1.1905052232	1.161	0.030
20160714	1.3674695321	1.181	13.7	21.2	1.20	1.69	0.0	0.00	53.4	3.2	0.0	13.8	0.000	0.000	1.3674695321	1.339	0.029
20160715	1.2873662532	0.906	1.8	20.1	3.84	4.96	0.0	0.00	50.9	0.5	0.0	13.0	0.000	0.000	1.2873662532	1.261	0.026
20160716	1.1782072120	0.570	0.3	18.0	4.46	6.11	0.0	0.00	46.6	0.1	0.0	11.9	0.000	0.000	1.178207212	1.154	0.024
20160717	1.0722919719	0.428	0.0	19.4	3.13	4.68	0.0	0.00	43.5	0.0	0.0	10.9	0.000	0.000	1.0722919719	1.050	0.022
20160718	1.1256761205	0.633	7.9	19.4	3.51	5.25	0.0	0.00	46.2	1.7	0.0	11.4	0.000	0.000	1.1256761205	1.105	0.021
20160719	1.0301624937	0.613	0.3	13.6	4.14	6.23	0.0	0.00	42.3	0.1	0.0	10.4	0.000	0.000	1.0301624937	1.011	0.019
20160720	0.9425208585	0.380	0.3	14.8	3.68	6.04	0.0	0.00	38.9	0.1	0.0	9.5	0.000	0.000	0.9425208585	0.925	0.017
20160721	0.8577927037	0.275	0.0	17.9	3.97	7.11	0.0	0.00	34.9	0.0	0.0	8.7	0.000	0.000	0.8577927037	0.842	0.016
20160722	1.2011344224	0.601	23.6	21.6	3.63	5.71	0.0	0.00	50.2	4.7	0.0	12.2	0.000	0.000	1.2011344224	1.186	0.015
20160723	1.8432903301	4.040	26.9	18.9	4.65	5.45	0.0	0.00	64.1	8.3	0.0	18.7	0.000	0.000	1.8432903301	1.828	0.015
20160724	1.6869374727	1.577	0.3	17.2	4.06	4.41	0.0	0.00	60.3	0.1	0.0	17.1	0.000	0.000	1.6869374727	1.673	0.014
20160725	1.5352897951	0.897	0.0	18.4	3.79	4.39	0.0	0.00	56.5	0.0	0.0	15.5	0.000	0.000	1.5352897951	1.523	0.013
20160726	1.4049783778	0.690	0.3	19.1	4.66	5.75	0.0	0.00	52.0	0.1	0.0	14.2	0.000	0.000	1.4049783778	1.393	0.011
20160727	1.2854764468	0.491	0.3	20.4	3.64	4.87	0.0	0.00	48.6	0.1	0.0	13.0	0.000	0.000	1.2854764468	1.275	0.010
20160728	1.1699182112	0.399	0.0	20.5	4.54	6.51	0.0	0.00	44.1	0.0	0.0	11.8	0.000	0.000	1.1699182112	1.160	0.010
20160729	1.0647481130	0.343	0.0	18.9	3.19	5.05	0.0	0.00	40.9	0.0	0.0	10.8	0.000	0.000	1.064748113	1.056	0.009
20160730	0.9690323077	0.270	0.0	16.7	4.26	7.27	0.0	0.00	36.6	0.0	0.0	9.8	0.000	0.000	0.9690323077	0.961	0.008
20160731	0.8819208994	0.238	0.0	16.6	1.64	3.12	0.0	0.00	35.0	0.0	0.0	8.9	0.000	0.000	0.8819208994	0.875	0.007
20160801	1.3991256642	2.084	30.5	14.8	2.69	4.00	0.0	0.00	56.2	6.6	0.0	14.2	0.000	0.000	1.3991256642	1.392	0.007
20160802	1.2733509030	0.970	0.0	17.0	3.57	4.43	0.0	0.00	52.6	0.0	0.0	12.9	0.000	0.000	1.273350903	1.267	0.006
20160803	1.1588826964	0.535	0.0	18.0	4.82	6.39	0.0	0.00	47.8	0.0	0.0	11.7	0.000	0.000	1.1588826964	1.153	0.006
20160804	1.0547046385	0.368	0.0	18.8	3.98	5.81	0.0	0.00	43.8	0.0	0.0	10.7	0.000	0.000	1.0547046385	1.049	0.005
20160805	0.9598916940	0.267	0.0	20.7	2.65	4.22	0.0	0.00	41.2	0.0	0.0	9.7	0.000	0.000	0.959891694	0.955	0.005
20160806	0.8783592061	0.226	0.3	19.6	3.67	6.21	0.0	0.00	37.7	0.1	0.0	8.9	0.000	0.000	0.8783592061	0.874	0.004
20160807	0.8350789763	0.195	2.5	16.7	3.00	5.39	0.0	0.00	36.8	0.4	0.0	8.5	0.000	0.000	0.8350789763	0.831	0.004
20160808	0.7600093371	0.163	0.0	16.7	3.43	6.51	0.0	0.00	33.4	0.0	0.0	7.7	0.000	0.000	0.7600093371	0.756	0.004
20160809	0.6916881024	0.125	0.0	16.7	3.08	6.43	0.0	0.00	30.3	0.0	0.0	7.0	0.000	0.000	0.6916881024	0.688	0.003
20160810	0.6295086227	0.139	0.0	18.5	1.78	4.09	0.0	0.00	28.5	0.0	0.0	6.4	0.000	0.000	0.6295086227	0.626	0.003
20160811	0.5729187832	0.121	0.0	22.1	2.16	5.28	0.0	0.00	26.4	0.0	0.0	5.8	0.000	0.000	0.5729187832	0.570	0.003
20160812	0.5826670407	0.190	6.6	23.1	1.38	3.28	0.0	0.00	30.9	0.7	0.0	5.9	0.000	0.000	0.5826670407	0.580	0.003
20160813	0.6823889441	0.456	11.9	19.7	1.72	3.34	0.0	0.00	39.4	1.7	0.0	6.9	0.000	0.000	0.6823889441	0.680	0.002
20160814	0.6435492288	0.533	1.5	21.1	2.51	4.38	0.0	0.00	38.1	0.3	0.0	6.5	0.000	0.000	0.6435492288	0.641	0.002
20160815	0.5856972055	0.246	0.0	18.6	2.44	4.47	0.0	0.00	35.7	0.0	0.0	5.9	0.000	0.000	0.5856972055	0.584	0.002
20160816	1.5374358904	1.591	43.4	16.9	3.02	4.06	0.0	0.00	64.9	11.2	0.0	15.6	0.000	0.000	1.5374358904	1.535	0.002
20160817	1.9956592113	6.765	16.8	17.6	3.74	3.74	0.0	0.00	71.3	6.6	0.0	20.2	0.000	0.000	1.9956592113	1.994	0.002
20160818	1.8529221881	1.217	1.0	18.6	2.46	2.46	0.0	0.00	69.5	0.4	0.0	18.8	0.000	0.000	1.8529221881	1.851	0.002
20160819	1.6863532718	0.748	0.0	18.0	5.39	5.41	0.0	0.00	64.1	0.0	0.0	17.1	0.000	0.000	1.6863532718	1.685	0.002
20160820	1.5347581110	0.514	0.0	18.1	5.21	5.67	0.0	0.00	58.9	0.0	0.0	15.5	0.000	0.000	1.534758111	1.533	0.001
20160821	1.9747643245	0.680	18.3	19.1	4.61	4.97	0.0	0.00	66.1	6.4	0.0	20.0	0.000	0.000	1.9747643245	1.973	0.001
20160822	2.1789385394	3.195	10.9	12.9	4.73	4.75	0.0	0.00	68.1	4.2	0.0	22.1	0.000	0.000	2.1789385394	2.178	0.001
20160823	1.9830622994	0.995	0.0	14.5	5.44	5.58	0.0	0.00	62.6	0.0	0.0	20.1	0.000	0.000	1.9830622994	1.982	0.001
20160824	1.8047944044	0.659	0.0	18.3	4.44	4.95	0.0	0.00	58.2	0.0	0.0	18.3	0.000	0.000	1.8047944044	1.804	0.001
20160825	1.6425519475	0.537	0.0	19.2	3.29	3.94	0.0	0.00	54.9	0.0	0.0	16.6	0.000	0.000	1.6425519475	1.642	0.001
20160826	1.4948943181	0.459	0.0	19.9	3.34	4.24	0.0	0.00	51.6	0.0	0.0	15.1	0.000	0.000	1.4948943181	1.494	0.001
20160827	1.3605104092	0.361	0.0	18.8	3.76	5.09	0.0	0.00	47.8	0.0	0.0	13.8	0.000	0.000	1.3605104092	1.360	0.001
20160828	1.3230347742	0.363	4.1	19.6	3.83	5.42	0.0	0.00	47.1	0.9	0.0	13.4	0.000	0.000	1.3230347742	1.322	0.001
20160829	1.2099461493	0.363	0.3	16.5	2.75	4.06	0.0	0.00	44.6	0.1	0.0	12.2	0.000	0.000	1.2099461493	1.209	0.001
20160830	1.1011777293	0.285	0.0	16.4	3.07	4.80	0.0	0.00	41.5	0.0	0.0	11.1	0.000	0.000	1.1011777293	1.101	0.001
20160831	1.4201184049	1.028	20.1	17.6	2.31	3.27	0.0	0.00	54.7	4.6	0.0	14.4	0.000	0.000	1.4201184049	1.420	0.001
20160901	1.3168982385	0.813	1.0	15.9	4.63	5.87	0.0	0.00	50.8	0.3	0.0	13.3	0.000	0.000	1.3168982385	1.316	0.001
20160902	1.1985153329	0.455	0.0	14.6	4.08	5.60	0.0	0.00	46.7	0.0	0.0	12.1	0.000	0.000	1.1985153329	1.198	0.001
20160903	1.0907744890	0.329	0.0	14.1	1.95	2.92	0.0	0.00	44.7	0.0	0.0	11.0	0.000	0.000	1.090774489	1.090	0.000
20160904	0.9927190360	0.261	0.0	15.6	3.13	4.88	0.0	0.00	41.6	0.0	0.0	10.1	0.000	0.000	0.992719036	0.992	0.000
20160905	0.9034783031	0.213	0.0	17.1	1.85	3.10	0.0	0.00	39.8	0.0	0.0	9.1	0.000	0.000	0.9034783031	0.903	0.000
20160906	0.8222598889	0.176	0.0	18.3	1.29	2.26	0.0	0.00	38.5	0.0	0.0	8.3	0.000	0.000	0.8222598889	0.822	0.000
20160907	0.7483426248	0.147	0.0	19.8	1.91	3.47	0.0	0.00	36.6	0.0	0.0	7.6	0.000	0.000	0.7483426248	0.748	0.000
20160908	0.7011665530	0.172	1.5	19.9	1.61	3.03	0.0	0.00	36.2	0.2	0.0	7.1	0.000	0.000	0.701166553	0.701	0.000
20160909	0.6485779029	0.166	0.8	19.6	2.40	4.57	0.0	0.00	34.5	0.1	0.0	6.6	0.000	0.000	0.6485779029	0.648	0.000
20160910	0.5902738256	0.120	0.0	18.6	1.76	3.57	0.0	0.00	32.7	0.0	0.0	6.0	0.000	0.000	0.5902738256	0.590	0.000
20160911	0.8331622975	0.820	19.1	13.5	2.44	4.19	0.0	0.00	46.1	3.3	0.0	8.4	0.000	0.000	0.8331622975	0.833	0.000
20160912	0.7639219725	0.290	0.3	12.3	3.14	4.74	0.0	0.00	43.2	0.1	0.0	7.7	0.000	0.000	0.7639219725	0.764	0.000
20160913	0.6952490105	0.169	0.0	15.3	2.86	4.62	0.0	0.00	40.4	0.0	0.0	7.0	0.000	0.000	0.6952490105	0.695	0.000
20160914	0.7288019770	0.306	5.8	13.1	1.74	2.84	0.0	0.00	43.3	1.1	0.0	7.4	0.000	0.000	0.728801977	0.729	0.000
20160915	0.6684334719	0.224	0.3	9.8	2.43	3.90	0.0	0.00	41.2	0.1	0.0	6.8	0.000	0.000	0.6684334719	0.668	0.000
20160916	0.6083444731	0.149	0.0	11.7	2.46	4.17	0.0	0.00	38.7	0.0	0.0	6.2	0.000	0.000	0.6083444731	0.608	0.000
20160917	0.5907057273	0.116	2.5	14.0	2.30	4.05	0.0	0.00	38.5	0.4	0.0	6.0	0.000	0.000	0.5907057273	0.591	0.000
20160918	0.6375986668	0.306	6.4	18.0	1.47	2.50	0.0	0.00	42.3	1.1	0.0	6.5	0.000	0.000	0.6375986668	0.637	0.000
20160919	0.5935053699	0.234	0.8	17.3	1.01	1.65	0.0	0.00	41.9	0.1	0.0	6.0	0.000	0.000	0.5935053699	0.593	0.000
20160920	0.5401520521	0.183	0.0	18.6	2.45	4.07	0.0	0.00	39.5	0.0	0.0	5.5	0.000	0.000	0.5401520521	0.540	0.000
20160921	0.4915949446	0.113	0.0	15.9	2.81	4.97	0.0	0.00	36.7	0.0	0.0	5.0	0.000	0.000	0.4915949446	0.492	0.000
20160922	0.4474028907	0.089	0.0	17.0	2.17	4.13	0.0	0.00	34.5	0.0	0.0	4.5	0.000	0.000	0.4474028907	0.447	0.000
20160923	0.6946828269	0.736	17.8	11.7	2.17	3.62	0.0	0.00	46.9	3.2	0.0	7.0	0.000	0.000	0.6946828269	0.695	0.000
20160924	0.6615459318	0.335	1.5	8.1	2.80	4.12	0.0	0.00	45.3	0.3	0.0	6.7	0.000	0.000	0.6615459318	0.661	0.000
20160925	0.6020760902	0.225	0.0	6.2	2.97	4.57	0.0	0.00	42.3	0.0	0.0	6.1	0.000	0.000	0.6020760902	0.602	0.000
20160926	0.5479523053	0.197	0.0	8.1	2.38	3.92	0.0	0.00	40.0	0.0	0.0	5.5	0.000	0.000	0.5479523053	0.548	0.000
20160927	0.5639583865	0.240	4.1	12.3	2.26	3.79	0.0	0.00	41.1	0.7	0.0	5.7	0.000	0.000	0.5639583865	0.564	0.000
20160928	0.5211656371	0.176	0.5	12.6	2.63	4.44	0.0	0.00	38.9	0.1	0.0	5.3	0.000	0.000	0.5211656371	0.521	0.000
20160929	0.4743153182	0.149	0.0	10.7	2.35	4.22	0.0	0.00	36.5	0.0	0.0	4.8	0.000	0.000	0.4743153182	0.474	0.000
20160930	0.4316766208	0.122	0.0	8.7	0.96	1.84	0.0	0.00	35.5	0.0	0.0	4.4	0.000	0.000	0.4316766208	0.432	0.000
20161001	0.3928709400	0.138	0.0	8.7	1.16	2.27	0.0	0.00	34.4	0.0	0.0	4.0	0.000	0.000	0.39287094	0.393	0.000
20161002	0.3575537059	0.170	0.0	9.8	0.83	1.68	0.0	0.00	33.6	0.0	0.0	3.6	0.000	0.000	0.3575537059	0.358	0.000
20161003	0.3787287425	0.207	4.3	11.7	0.97	1.91	0.0	0.00	36.3	0.6	0.0	3.8	0.000	0.000	0.3787287425	0.379	0.000
20161004	0.3446828248	0.195	0.0	11.6	0.99	1.90	0.0	0.00	35.3	0.0	0.0	3.5	0.000	0.000	0.3446828248	0.345	0.000
20161005	0.3136974737	0.163	0.0	12.1	1.16	2.30	0.0	0.00	34.2	0.0	0.0	3.2	0.000	0.000	0.3136974737	0.314	0.000
20161006	0.2890775471	0.156	0.3	12.7	1.36	2.77	0.0	0.00	33.0	0.0	0.0	2.9	0.000	0.000	0.2890775471	0.289	0.000
20161007	0.2664963479	0.139	0.3	15.1	0.97	2.04	0.0	0.00	32.3	0.0	0.0	2.7	0.000	0.000	0.2664963479	0.266	0.000
20161008	0.2425395902	0.135	0.0	13.7	0.83	1.80	0.0	0.00	31.5	0.0	0.0	2.5	0.000	0.000	0.2425395902	0.243	0.000
20161009	0.2207364314	0.140	0.0	8.0	0.54	1.19	0.0	0.00	31.0	0.0	0.0	2.2	0.000	0.000	0.2207364314	0.221	0.000
20161010	0.2008932732	0.140	0.0	4.4	0.92	2.07	0.0	0.00	30.0	0.0	0.0	2.0	0.000	0.000	0.2008932732	0.201	0.000
20161011	0.1828339208	0.142	0.0	8.4	0.93	2.16	0.0	0.00	29.1	0.0	0.0	1.9	0.000	0.000	0.1828339208	0.183	0.000
20161012	0.1663980185	0.129	0.0	12.7	0.98	2.34	0.0	0.00	28.1	0.0	0.0	1.7	0.000	0.000	0.1663980185	0.166	0.000
20161013	0.1649871349	0.125	1.5	9.8	0.65	1.58	0.0	0.00	28.8	0.2	0.0	1.7	0.000	0.000	0.1649871349	0.165	0.000
20161014	0.1501555740	0.136	0.0	4.7	0.72	1.74	0.0	0.00	28.1	0.0	0.0	1.5	0.000	0.000	0.150155574	0.150	0.000
20161015	0.1366573001	0.132	0.0	5.8	0.87	2.16	0.0	0.00	27.2	0.0	0.0	1.4	0.000	0.000	0.1366573001	0.137	0.000
20161016	0.1689955486	0.158	4.8	10.2	0.89	2.11	0.0	0.00	30.7	0.5	0.0	1.7	0.000	0.000	0.1689955486	0.169	0.000
20161017	0.1568418267	0.221	0.3	14.3	1.01	2.30	0.0	0.00	29.9	0.0	0.0	1.6	0.000	0.000	0.1568418267	0.157	0.000
20161018	0.1427424904	0.168	0.0	13.1	0.47	1.09	0.0	0.00	29.5	0.0	0.0	1.4	0.000	0.000	0.1427424904	0.143	0.000
20161019	0.1346722634	0.186	0.5	11.6	0.86	2.01	0.0	0.00	29.0	0.1	0.0	1.4	0.000	0.000	0.1346722634	0.135	0.000
20161020	0.1518640222	0.223	3.0	8.6	0.58	1.33	0.0	0.00	31.1	0.3	0.0	1.5	0.000	0.000	0.1518640222	0.152	0.000
20161021	1.1310611411	2.887	46.5	12.0	0.94	1.34	0.0	0.00	65.7	11.0	0.0	11.5	0.000	0.000	1.1310611411	1.131	0.000
20161022	2.0851775592	4.492	27.2	5.7	1.12	1.12	0.0	0.00	80.1	11.6	0.1	20.9	0.000	0.0219979945	2.0631795647	2.085	0.000
20161023	1.9743291199	1.951	2.0	1.4	0.92	0.92	0.0	0.00	80.2	1.0	0.0	20.0	0.000	0.000	1.9743291199	1.974	0.000
20161024	1.7968462962	1.316	7.1	1.0	1.97	1.97	4.0	1.00	78.2	0.0	0.0	18.2	0.000	0.000	1.7968462962	1.797	0.000
20161025	1.6353183366	1.072	0.3	-0.1	0.00	1.54	4.2	1.00	78.2	0.0	0.0	16.6	0.000	0.000	1.6353183366	1.635	0.000
20161026	1.4883109745	0.907	0.0	-0.9	0.00	1.44	4.2	1.00	78.2	0.0	0.0	15.1	0.000	0.000	1.4883109745	1.488	0.000
20161027	1.3545188769	0.804	11.2	-0.9	0.00	1.05	10.5	1.00	78.2	0.0	0.0	13.7	0.000	0.000	1.3545188769	1.355	0.000
20161028	1.7821380923	1.843	11.9	1.6	0.00	0.97	10.1	1.00	84.4	6.1	0.0	18.0	0.000	0.000	1.7821380923	1.775	0.007
20161029	2.8021716244	3.742	13.7	3.1	0.00	1.72	2.3	1.00	93.7	12.3	0.6	26.9	0.000	0.1464438385	2.655727786	2.703	0.099
20161030	2.6574458190	3.149	1.0	3.4	0.00	1.04	0.0	0.00	94.9	2.0	0.0	26.9	0.000	0.000	2.657445819	2.555	0.102
20161031	2.4185540442	1.921	1.5	-0.5	1.32	1.32	0.8	1.00	93.6	0.0	0.0	24.5	0.000	0.000	2.4185540442	2.326	0.093
20161101	2.2011375068	1.482	0.0	1.0	0.00	0.84	0.8	1.00	93.6	0.0	0.0	22.3	0.000	0.000	2.2011375068	2.117	0.084
20161102	2.1058341655	1.382	1.0	8.7	0.00	1.50	0.0	0.00	94.3	1.1	0.0	21.3	0.000	0.000	2.1058341655	2.018	0.088
20161103	2.9449162522	3.653	17.5	6.8	1.05	1.05	0.0	0.00	99.3	11.4	0.0	29.8	0.000	0.000	2.9449162522	2.775	0.170
20161104	2.6801822489	2.362	2.5	0.2	1.26	1.26	1.4	1.00	98.0	0.0	0.0	27.1	0.000	0.000	2.6801822489	2.525	0.155
20161105	2.4392465768	1.837	0.5	-0.9	0.00	1.51	1.7	1.00	98.0	0.0	0.0	24.7	0.000	0.000	2.4392465768	2.298	0.141
20161106	2.2199698789	1.745	2.3	1.1	0.00	1.60	3.0	1.00	98.0	0.0	0.0	22.5	0.000	0.000	2.2199698789	2.092	0.128
20161107	2.1782567974	1.577	0.0	2.0	0.00	1.53	0.3	1.00	98.9	1.8	0.0	22.1	0.000	0.000	2.1782567974	2.044	0.134
20161108	2.0032983425	1.460	0.0	5.9	0.00	1.66	0.0	0.00	99.0	0.2	0.0	20.3	0.000	0.000	2.0032983425	1.879	0.125
20161109	1.8413398741	1.394	0.3	4.0	0.95	0.95	0.0	0.00	98.2	0.2	0.0	18.6	0.000	0.000	1.8413398741	1.726	0.116
20161110	1.6758121529	1.322	0.0	1.9	1.35	1.35	0.0	0.00	96.8	0.0	0.0	17.0	0.000	0.000	1.6758121529	1.571	0.105
20161111	1.5251645888	1.636	6.9	1.3	0.94	0.94	3.9	1.00	95.9	0.0	0.0	15.4	0.000	0.000	1.5251645888	1.429	0.096
20161112	1.3880595261	1.396	0.0	-1.5	0.00	1.30	3.9	1.00	95.9	0.0	0.0	14.1	0.000	0.000	1.3880595261	1.301	0.087
20161113	1.4888204329	1.276	0.0	3.8	0.00	1.49	0.0	0.00	97.3	2.5	0.0	15.1	0.000	0.000	1.4888204329	1.376	0.113
20161114	1.3549825375	1.194	0.0	5.9	1.56	1.56	0.0	0.00	95.7	0.0	0.0	13.7	0.000	0.000	1.3549825375	1.252	0.103
20161115	1.5409551660	1.280	5.3	6.7	1.24	1.24	0.0	0.00	96.3	3.4	0.0	15.6	0.000	0.000	1.540955166	1.404	0.137
20161116	1.8208031488	2.137	7.1	7.0	0.98	0.98	0.0	0.00	97.8	4.7	0.0	18.4	0.000	0.000	1.8208031488	1.641	0.180
20161117	1.6749083963	1.639	0.3	4.5	0.81	0.81	0.0	0.00	97.1	0.2	0.0	17.0	0.000	0.000	1.6749083963	1.509	0.166
20161118	1.5243420755	1.379	0.0	5.8	1.22	1.22	0.0	0.00	95.9	0.0	0.0	15.4	0.000	0.000	1.5243420755	1.373	0.151
20161119	1.3873109529	1.267	0.0	7.1	1.07	1.07	0.0	0.00	94.8	0.0	0.0	14.0	0.000	0.000	1.3873109529	1.250	0.138
20161120	1.2625982783	1.552	13.0	0.6	0.69	0.69	7.3	1.00	94.1	0.0	0.0	12.8	0.000	0.000	1.2625982783	1.137	0.125
20161121	1.1490966815	1.462	4.8	-4.3	0.00	1.25	10.0	1.00	94.1	0.0	0.0	11.6	0.000	0.000	1.1490966815	1.035	0.114
20161122	1.0457983400	1.288	1.0	-4.6	0.00	1.08	10.6	1.00	94.1	0.0	0.0	10.6	0.000	0.000	1.04579834	0.942	0.104
20161123	0.9517860295	1.220	0.0	-4.0	0.00	0.94	10.6	1.00	94.1	0.0	0.0	9.6	0.000	0.000	0.9517860295	0.857	0.094
20161124	0.8662249798	1.206	4.3	-3.0	0.00	0.38	13.0	1.00	94.1	0.0	0.0	8.8	0.000	0.000	0.8662249798	0.780	0.086
20161125	0.7883554626	1.205	2.5	-0.8	0.00	0.52	14.4	1.00	94.1	0.0	0.0	8.0	0.000	0.000	0.7883554626	0.710	0.078
20161126	0.7174860457	1.284	0.8	0.9	0.00	0.48	14.9	1.00	94.1	0.0	0.0	7.3	0.000	0.000	0.7174860457	0.646	0.071
20161127	0.6529874532	1.335	0.3	-2.1	0.00	1.19	15.0	1.00	94.1	0.0	0.0	6.6	0.000	0.000	0.6529874532	0.588	0.065
20161128	0.5942869783	1.177	0.3	-4.0	0.00	1.05	15.2	1.00	94.1	0.0	0.0	6.0	0.000	0.000	0.5942869783	0.535	0.059
20161129	0.5408633976	3.182	19.3	-3.0	0.00	0.29	26.1	1.00	94.1	0.0	0.0	5.5	0.000	0.000	0.5408633976	0.487	0.054
20161130	0.6942769086	4.084	4.1	1.8	0.00	0.22	26.6	1.00	95.5	2.2	0.0	7.0	0.000	0.000	0.6942769086	0.618	0.077
20161201	2.5307269465	7.248	15.5	3.3	0.00	0.65	18.2	1.00	103.2	16.2	3.8	16.9	0.000	0.8650667835	1.665660163	2.126	0.405
20161202	1.8582403452	4.211	6.1	0.7	0.00	0.72	21.6	1.00	103.2	0.0	0.0	18.8	0.000	0.000	1.8582403452	1.568	0.290
20161203	1.6911933518	3.390	7.1	-2.2	0.00	1.31	25.6	1.00	103.2	0.0	0.0	17.1	0.000	0.000	1.6911933518	1.427	0.264
20161204	1.5391630908	2.945	0.0	-5.7	0.00	1.15	25.6	1.00	103.2	0.0	0.0	15.6	0.000	0.000	1.5391630908	1.299	0.240
20161205	1.4007996292	2.708	7.1	-6.1	0.00	0.85	29.6	1.00	103.2	0.0	0.0	14.2	0.000	0.000	1.4007996292	1.182	0.219
20161206	1.2748743865	2.507	1.8	-3.1	0.00	0.95	30.6	1.00	103.2	0.0	0.0	12.9	0.000	0.000	1.2748743865	1.076	0.199
20161207	1.1602692259	2.439	2.8	-2.8	0.00	1.20	32.2	1.00	103.2	0.0	0.0	11.7	0.000	0.000	1.1602692259	0.979	0.181
20161208	1.0559665257	2.369	0.8	-2.1	0.00	0.41	32.6	1.00	103.2	0.0	0.0	10.7	0.000	0.000	1.0559665257	0.891	0.165
20161209	0.9610401435	2.236	5.3	-8.1	0.00	0.68	35.6	1.00	103.2	0.0	0.0	9.7	0.000	0.000	0.9610401435	0.811	0.150
20161210	0.8746471928	2.098	0.3	-12.6	0.00	0.74	35.8	1.00	103.2	0.0	0.0	8.9	0.000	0.000	0.8746471928	0.738	0.137
20161211	0.7960205586	2.008	0.5	-11.5	0.00	0.65	36.1	1.00	103.2	0.0	0.0	8.1	0.000	0.000	0.7960205586	0.672	0.124
20161212	0.7244620859	1.916	16.3	-5.5	0.00	0.33	45.3	1.00	103.2	0.0	0.0	7.3	0.000	0.000	0.7244620859	0.611	0.113
20161213	0.6593363805	1.814	0.8	-3.4	0.00	0.88	45.7	1.00	103.2	0.0	0.0	6.7	0.000	0.000	0.6593363805	0.556	0.103
20161214	0.6000651671	1.784	1.8	-8.4	0.00	0.64	46.7	1.00	103.2	0.0	0.0	6.1	0.000	0.000	0.6000651671	0.506	0.094
20161215	0.5461221547	1.704	2.3	-16.3	0.00	0.54	48.0	1.00	103.2	0.0	0.0	5.5	0.000	0.000	0.5461221547	0.461	0.085
20161216	0.4970283633	1.639	0.0	-22.0	0.00	0.95	48.0	1.00	103.2	0.0	0.0	5.0	0.000	0.000	0.4970283633	0.419	0.078
20161217	0.4523478708	1.588	8.1	-11.0	0.00	0.60	52.6	1.00	103.2	0.0	0.0	4.6	0.000	0.000	0.4523478708	0.382	0.071
20161218	0.4116839427	5.114	19.8	-6.9	0.00	1.02	63.8	1.00	103.2	0.0	0.0	4.2	0.000	0.000	0.4116839427	0.347	0.064
20161219	0.3746755089	2.712	0.0	-16.7	0.00	0.82	63.8	1.00	103.2	0.0	0.0	3.8	0.000	0.000	0.3746755089	0.316	0.058
20161220	0.3409939577	2.109	0.0	-14.1	0.00	0.36	63.8	1.00	103.2	0.0	0.0	3.5	0.000	0.000	0.3409939577	0.288	0.053
20161221	0.3103402182	1.829	0.0	-5.1	0.00	0.58	63.8	1.00	103.2	0.0	0.0	3.1	0.000	0.000	0.3103402182	0.262	0.048
20161222	0.2824421046	1.712	3.0	-2.8	0.00	0.24	65.4	1.00	103.2	0.0	0.0	2.9	0.000	0.000	0.2824421046	0.238	0.044
20161223	0.2570518990	1.629	0.3	-2.2	0.00	1.01	65.6	1.00	103.2	0.0	0.0	2.6	0.000	0.000	0.257051899	0.217	0.040
20161224	0.2339441525	1.599	3.3	-2.6	0.00	1.04	67.5	1.00	103.2	0.0	0.0	2.4	0.000	0.000	0.2339441525	0.197	0.037
20161225	0.2129136828	1.515	1.0	-8.0	0.00	1.27	68.0	1.00	103.2	0.0	0.0	2.2	0.000	0.000	0.2129136828	0.180	0.033
20161226	0.1937737525	1.499	2.3	-8.4	0.00	1.48	69.3	1.00	103.2	0.0	0.0	2.0	0.000	0.000	0.1937737525	0.164	0.030
20161227	0.1763544112	2.544	7.1	0.7	0.00	0.74	73.3	1.00	103.2	0.0	0.0	1.8	0.000	0.000	0.1763544112	0.149	0.028
20161228	0.1605009861	1.938	0.5	-6.9	0.00	0.69	73.6	1.00	103.2	0.0	0.0	1.6	0.000	0.000	0.1605009861	0.135	0.025
20161229	0.1460727087	1.669	10.2	-5.6	0.00	0.26	79.4	1.00	103.2	0.0	0.0	1.5	0.000	0.000	0.1460727087	0.123	0.023
20161230	0.1329414650	1.556	11.7	-7.6	0.00	1.10	86.0	1.00	103.2	0.0	0.0	1.3	0.000	0.000	0.132941465	0.112	0.021
20161231	0.1209906579	1.470	3.8	-11.1	0.00	0.60	88.1	1.00	103.2	0.0	0.0	1.2	0.000	0.000	0.1209906579	0.102	0.019
20170101	0.1101141716	1.400	4.8	-5.6	0.00	0.77	90.8	1.00	103.2	0.0	0.0	1.1	0.000	0.000	0.1101141716	0.093	0.017
20170102	0.1002154298	1.375	0.0	-5.1	0.00	0.84	90.8	1.00	103.2	0.0	0.0	1.0	0.000	0.000	0.1002154298	0.085	0.016
20170103	0.0912065380	1.380	3.6	-3.8	0.00	0.53	92.8	1.00	103.2	0.0	0.0	0.9	0.000	0.000	0.091206538	0.077	0.014
20170104	0.0830075028	1.661	8.1	-2.4	0.00	0.76	97.4	1.00	103.2	0.0	0.0	0.8	0.000	0.000	0.0830075028	0.070	0.013
20170105	0.0755455220	1.519	1.5	-7.9	0.00	1.25	98.2	1.00	103.2	0.0	0.0	0.8	0.000	0.000	0.075545522	0.064	0.012
20170106	0.0687543379	1.404	0.5	-11.2	0.00	0.64	98.5	1.00	103.2	0.0	0.0	0.7	0.000	0.000	0.0687543379	0.058	0.011
20170107	0.0625736490	1.323	0.0	-13.2	0.00	0.70	98.5	1.00	103.2	0.0	0.0	0.6	0.000	0.000	0.062573649	0.053	0.010
20170108	0.0569485748	1.271	0.5	-16.6	0.00	0.85	98.8	1.00	103.2	0.0	0.0	0.6	0.000	0.000	0.0569485748	0.048	0.009
20170109	0.0518291680	1.208	0.0	-18.9	0.00	0.59	98.8	1.00	103.2	0.0	0.0	0.5	0.000	0.000	0.051829168	0.044	0.008
20170110	0.0471699716	1.118	1.5	-9.8	0.00	0.37	99.6	1.00	103.2	0.0	0.0	0.5	0.000	0.000	0.0471699716	0.040	0.007
20170111	0.0429296149	1.084	6.1	2.0	0.00	1.44	105.7	1.00	103.2	0.0	0.0	0.4	0.000	0.000	0.0429296149	0.036	0.007
20170112	1.0445186598	2.256	6.4	3.5	0.00	0.35	97.0	1.00	107.2	11.2	0.0	10.6	0.000	0.000	1.0445186598	0.822	0.223
20170113	0.9506213864	3.207	1.8	-5.7	0.00	1.53	98.0	1.00	107.2	0.0	0.0	9.6	0.000	0.000	0.9506213864	0.748	0.203
20170114	0.8651650326	1.876	0.3	-15.0	0.00	0.87	98.1	1.00	107.2	0.0	0.0	8.8	0.000	0.000	0.8651650326	0.681	0.184
20170115	0.7873907996	1.557	0.5	-11.0	0.00	0.73	98.4	1.00	107.2	0.0	0.0	8.0	0.000	0.000	0.7873907996	0.620	0.168
20170116	0.7166081013	1.430	0.0	-8.3	0.00	0.51	98.4	1.00	107.2	0.0	0.0	7.3	0.000	0.000	0.7166081013	0.564	0.153
20170117	0.6521884319	1.395	2.0	-4.8	0.00	1.26	99.6	1.00	107.2	0.0	0.0	6.6	0.000	0.000	0.6521884319	0.513	0.139
20170118	0.5935597852	1.369	4.1	-2.4	0.00	0.40	101.9	1.00	107.2	0.0	0.0	6.0	0.000	0.000	0.5935597852	0.467	0.126
20170119	0.5402015758	1.326	2.0	-1.4	0.00	0.67	103.0	1.00	107.2	0.0	0.0	5.5	0.000	0.000	0.5402015758	0.425	0.115
20170120	0.4916400163	1.265	0.3	-1.5	0.00	0.91	103.2	1.00	107.2	0.0	0.0	5.0	0.000	0.000	0.4916400163	0.387	0.105
20170121	0.4474439107	1.244	0.8	-0.2	0.00	0.90	103.6	1.00	107.2	0.0	0.0	4.5	0.000	0.000	0.4474439107	0.352	0.095
20170122	0.4072208253	1.254	1.3	0.7	0.00	1.01	104.3	1.00	107.2	0.0	0.0	4.1	0.000	0.000	0.4072208253	0.320	0.087
20170123	0.3706136046	1.298	0.8	-2.3	0.00	1.07	104.8	1.00	107.2	0.0	0.0	3.8	0.000	0.000	0.3706136046	0.292	0.079
20170124	0.3372971993	1.567	21.6	-2.0	0.00	0.98	117.0	1.00	107.2	0.0	0.0	3.4	0.000	0.000	0.3372971993	0.265	0.072
20170125	0.3069757809	1.498	0.8	-3.9	0.00	1.19	117.4	1.00	107.2	0.0	0.0	3.1	0.000	0.000	0.3069757809	0.242	0.065
20170126	0.2793801142	1.902	8.1	0.4	0.00	0.78	122.0	1.00	107.2	0.0	0.0	2.8	0.000	0.000	0.2793801142	0.220	0.060
20170127	0.2542651670	1.791	13.7	-3.7	0.00	1.47	129.7	1.00	107.2	0.0	0.0	2.6	0.000	0.000	0.254265167	0.200	0.054
20170128	0.2314079345	1.569	2.3	-3.5	0.00	1.33	131.0	1.00	107.2	0.0	0.0	2.3	0.000	0.000	0.2314079345	0.182	0.049
20170129	0.2106054588	1.462	2.0	-3.4	0.00	1.00	132.1	1.00	107.2	0.0	0.0	2.1	0.000	0.000	0.2106054588	0.166	0.045
20170130	0.1916730269	1.415	1.5	-11.3	0.00	1.16	133.0	1.00	107.2	0.0	0.0	1.9	0.000	0.000	0.1916730269	0.151	0.041
20170131	0.1744425309	1.349	0.0	-13.2	0.00	0.95	133.0	1.00	107.2	0.0	0.0	1.8	0.000	0.000	0.1744425309	0.137	0.037
20170201	0.1587609748	1.268	2.8	-8.3	0.00	0.76	134.5	1.00	107.2	0.0	0.0	1.6	0.000	0.000	0.1587609748	0.125	0.034
20170202	0.1444891161	1.215	1.3	-8.2	0.00	0.85	135.3	1.00	107.2	0.0	0.0	1.5	0.000	0.000	0.1444891161	0.114	0.031
20170203	0.1315002299	1.171	2.8	-9.7	0.00	0.43	136.9	1.00	107.2	0.0	0.0	1.3	0.000	0.000	0.1315002299	0.103	0.028
20170204	0.1196789829	1.123	1.8	-10.3	0.00	0.93	137.9	1.00	107.2	0.0	0.0	1.2	0.000	0.000	0.1196789829	0.094	0.026
20170205	0.1089204100	1.086	1.5	-7.0	0.00	0.87	138.7	1.00	107.2	0.0	0.0	1.1	0.000	0.000	0.10892041	0.086	0.023
20170206	0.0991289818	1.073	3.8	-9.8	0.00	0.98	140.9	1.00	107.2	0.0	0.0	1.0	0.000	0.000	0.0991289818	0.078	0.021
20170207	0.0902177565	1.058	12.4	-8.4	0.00	0.48	147.8	1.00	107.2	0.0	0.0	0.9	0.000	0.000	0.0902177565	0.071	0.019
20170208	0.0821076081	1.233	6.1	-1.1	0.00	0.79	151.3	1.00	107.2	0.0	0.0	0.8	0.000	0.000	0.0821076081	0.065	0.017
20170209	0.0747265235	1.153	5.6	-13.0	0.00	0.50	154.4	1.00	107.2	0.0	0.0	0.8	0.000	0.000	0.0747265235	0.059	0.016
20170210	0.0680089635	1.103	1.8	-17.8	0.00	0.54	155.5	1.00	107.2	0.0	0.0	0.7	0.000	0.000	0.0680089635	0.054	0.014
20170211	0.0618952802	1.056	1.8	-13.6	0.00	0.30	156.5	1.00	107.2	0.0	0.0	0.6	0.000	0.000	0.0618952802	0.049	0.013
20170212	0.0563311881	1.016	17.0	-10.8	0.00	0.35	166.1	1.00	107.2	0.0	0.0	0.6	0.000	0.000	0.0563311881	0.044	0.012
20170213	0.0512672815	0.999	5.3	-7.2	0.00	0.49	169.0	1.00	107.2	0.0	0.0	0.5	0.000	0.000	0.0512672815	0.040	0.011
20170214	0.0466585960	0.961	5.6	-8.2	0.00	0.67	172.2	1.00	107.2	0.0	0.0	0.5	0.000	0.000	0.046658596	0.037	0.010
20170215	0.0424642096	0.919	6.1	-4.5	0.00	0.30	175.6	1.00	107.2	0.0	0.0	0.4	0.000	0.000	0.0424642096	0.033	0.009
20170216	0.0386468785	0.920	5.3	-6.0	0.00	0.39	178.6	1.00	107.2	0.0	0.0	0.4	0.000	0.000	0.0386468785	0.030	0.008
20170217	0.0351727075	0.919	1.3	-7.1	0.00	1.21	179.3	1.00	107.2	0.0	0.0	0.4	0.000	0.000	0.0351727075	0.028	0.007
20170218	0.0320108479	0.916	0.0	-3.1	0.00	1.16	179.3	1.00	107.2	0.0	0.0	0.3	0.000	0.000	0.0320108479	0.025	0.007
20170219	0.0291332245	1.334	0.0	3.8	0.00	1.58	179.3	1.00	107.2	0.0	0.0	0.3	0.000	0.000	0.0291332245	0.023	0.006
20170220	0.0265142858	1.259	0.0	-3.8	0.00	0.87	179.3	1.00	107.2	0.0	0.0	0.3	0.000	0.000	0.0265142858	0.021	0.006
20170221	0.0241307772	1.109	0.3	-4.1	0.00	1.11	179.5	1.00	107.2	0.0	0.0	0.2	0.000	0.000	0.0241307772	0.019	0.005
20170222	0.2340632957	1.144	0.0	4.3	0.00	1.45	176.4	1.00	108.0	2.4	0.0	2.4	0.000	0.000	0.2340632957	0.179	0.055
20170223	2.4996637282	2.027	0.0	6.7	0.00	1.00	153.4	1.00	112.7	18.3	5.5	12.6	0.000	1.2528461571	1.2468175711	1.600	0.900
20170224	2.7379922534	3.357	0.8	3.7	0.00	0.34	143.2	1.00	114.6	9.1	2.5	22.0	0.000	0.5694622128	2.1685300406	1.695	1.043
20170225	7.1593198423	8.691	19.3	5.3	0.00	0.41	126.3	1.00	119.4	31.4	18.3	30.4	0.000	4.1519349115	3.0073849308	4.041	3.119
20170226	5.0252760066	8.663	4.1	-4.7	0.00	1.30	128.6	1.00	119.4	0.0	5.5	38.2	0.000	1.2544452616	3.7708307451	2.871	2.155
20170227	3.9282468335	4.705	0.8	-2.9	0.00	1.37	129.1	1.00	119.4	0.0	0.0	39.8	0.000	0.000	3.9282468335	2.263	1.665
20170228	3.5751160748	3.766	0.3	1.3	0.00	1.26	129.4	1.00	119.4	0.0	0.0	36.2	0.000	0.000	3.5751160748	2.060	1.515
20170301	5.3386302299	7.047	9.1	4.1	0.00	0.66	119.5	1.00	121.2	17.2	4.6	43.4	0.000	1.051104678	4.287525552	2.968	2.370
20170302	4.3180294305	9.705	5.8	-3.1	0.00	0.59	122.8	1.00	121.2	0.0	0.0	43.7	0.000	0.000	4.3180294305	2.418	1.900
20170303	3.9298590651	5.714	0.0	-11.0	0.00	0.69	122.8	1.00	121.2	0.0	0.0	39.8	0.000	0.000	3.9298590651	2.201	1.729
20170304	3.5765833745	4.437	1.8	-16.5	0.00	0.48	123.8	1.00	121.2	0.0	0.0	36.2	0.000	0.000	3.5765833745	2.003	1.574
20170305	3.2550654928	3.799	0.0	-13.3	0.00	0.90	123.8	1.00	121.2	0.0	0.0	33.0	0.000	0.000	3.2550654928	1.823	1.432
20170306	2.9624505438	3.523	0.3	-7.5	0.00	0.94	123.9	1.00	121.2	0.0	0.0	30.0	0.000	0.000	2.9624505438	1.659	1.304
20170307	2.6961402908	3.396	4.3	-1.0	0.00	0.21	126.4	1.00	121.2	0.0	0.0	27.3	0.000	0.000	2.6961402908	1.510	1.186
20170308	2.8621324825	4.642	6.4	3.9	0.00	1.15	127.8	1.00	121.6	4.5	0.0	29.0	0.000	0.000	2.8621324825	1.586	1.276
20170309	2.6048403474	3.849	6.1	-3.0	0.00	1.18	131.3	1.00	121.6	0.0	0.0	26.4	0.000	0.000	2.6048403474	1.443	1.161
20170310	2.3706775550	3.300	2.8	-9.0	0.00	0.54	132.8	1.00	121.6	0.0	0.0	24.0	0.000	0.000	2.370677555	1.314	1.057
20170311	2.1575648869	2.960	0.8	-19.8	0.00	0.70	133.3	1.00	121.6	0.0	0.0	21.8	0.000	0.000	2.1575648869	1.196	0.962
20170312	1.9636100369	2.586	0.0	-16.5	0.00	1.08	133.3	1.00	121.6	0.0	0.0	19.9	0.000	0.000	1.9636100369	1.088	0.875
20170313	1.7870908080	2.328	0.0	-13.2	0.00	1.41	133.3	1.00	121.6	0.0	0.0	18.1	0.000	0.000	1.787090808	0.990	0.797
20170314	1.6264398205	2.261	34.3	-9.9	0.00	0.45	152.6	1.00	121.6	0.0	0.0	16.5	0.000	0.000	1.6264398205	0.901	0.725
20170315	1.4802305948	2.166	8.9	-9.4	0.00	0.27	157.6	1.00	121.6	0.0	0.0	15.0	0.000	0.000	1.4802305948	0.820	0.660
20170316	1.3471648851	2.038	2.8	-9.7	0.00	1.05	159.2	1.00	121.6	0.0	0.0	13.6	0.000	0.000	1.3471648851	0.747	0.601
20170317	1.2260611515	1.945	1.5	-8.5	0.00	0.99	160.0	1.00	121.6	0.0	0.0	12.4	0.000	0.000	1.2260611515	0.679	0.547
20170318	1.1158440692	1.869	0.0	-5.7	0.00	0.98	160.0	1.00	121.6	0.0	0.0	11.3	0.000	0.000	1.1158440692	0.618	0.498
20170319	1.0155349798	1.825	0.0	-3.1	0.00	1.17	160.0	1.00	121.6	0.0	0.0	10.3	0.000	0.000	1.0155349798	0.563	0.453
20170320	0.9242432018	1.843	0.0	-0.6	0.00	1.31	160.0	1.00	121.6	0.0	0.0	9.4	0.000	0.000	0.9242432018	0.512	0.412
20170321	0.8411581217	1.806	0.0	0.8	0.00	1.21	160.0	1.00	121.6	0.0	0.0	8.5	0.000	0.000	0.8411581217	0.466	0.375
20170322	0.7655419962	1.687	3.3	-8.8	0.00	1.13	161.9	1.00	121.6	0.0	0.0	7.8	0.000	0.000	0.7655419962	0.424	0.341
20170323	0.6967234017	1.582	0.0	-10.2	0.00	0.99	161.9	1.00	121.6	0.0	0.0	7.1	0.000	0.000	0.6967234017	0.386	0.311
20170324	0.6340912724	1.571	10.4	-6.1	0.00	0.38	167.8	1.00	121.6	0.0	0.0	6.4	0.000	0.000	0.6340912724	0.351	0.283
20170325	0.5770894745	1.515	0.5	-4.5	0.00	0.43	168.0	1.00	121.6	0.0	0.0	5.8	0.000	0.000	0.5770894745	0.320	0.257
20170326	0.5252118679	1.503	0.3	-2.8	0.00	1.24	168.2	1.00	121.6	0.0	0.0	5.3	0.000	0.000	0.5252118679	0.291	0.234
20170327	0.4779978121	1.841	10.4	-0.3	0.00	0.50	174.1	1.00	121.6	0.0	0.0	4.8	0.000	0.000	0.4779978121	0.265	0.213
20170328	0.4350280759	2.141	1.5	2.7	0.00	0.26	175.6	1.00	121.6	0.0	0.0	4.4	0.000	0.000	0.4350280759	0.241	0.194
20170329	0.3959211152	2.051	1.0	-0.3	0.00	0.93	176.1	1.00	121.6	0.0	0.0	4.0	0.000	0.000	0.3959211152	0.219	0.177
20170330	0.3603296848	1.816	0.0	0.7	0.00	1.91	176.1	1.00	121.6	0.0	0.0	3.6	0.000	0.000	0.3603296848	0.200	0.161
20170331	0.3279377552	1.761	11.7	0.3	0.00	1.40	182.7	1.00	121.6	0.0	0.0	3.3	0.000	0.000	0.3279377552	0.182	0.146
20170401	0.2984577064	1.659	16.0	0.7	0.00	0.60	191.8	1.00	121.6	0.0	0.0	3.0	0.000	0.000	0.2984577064	0.165	0.133
20170402	0.2716277742	1.886	0.3	2.6	0.00	0.74	192.1	1.00	121.6	0.0	0.0	2.7	0.000	0.000	0.2716277742	0.151	0.121
20170403	0.2472097256	2.019	0.0	2.6	0.00	1.20	192.1	1.00	121.6	0.0	0.0	2.5	0.000	0.000	0.2472097256	0.137	0.110
20170404	0.2249867438	2.412	10.4	1.1	0.00	0.39	197.9	1.00	121.6	0.0	0.0	2.3	0.000	0.000	0.2249867438	0.125	0.100
20170405	0.3634939314	2.592	2.0	1.6	0.00	0.79	198.0	1.00	121.8	1.8	0.0	3.7	0.000	0.000	0.3634939314	0.195	0.168
20170406	2.2438960705	3.849	15.2	1.8	0.00	0.60	195.7	1.00	123.0	16.2	3.9	13.8	0.000	0.8792830641	1.3646130065	1.163	1.081
20170407	2.7615391379	5.213	8.4	1.9	0.00	0.22	193.2	1.00	123.7	10.3	2.1	23.0	0.000	0.4858029128	2.2757362251	1.439	1.323
20170408	2.2633951523	3.902	5.1	-2.4	0.00	0.75	196.0	1.00	123.7	0.0	0.0	22.9	0.000	0.000	2.2633951523	1.179	1.084
20170409	2.4965807801	3.904	0.3	2.7	0.00	1.57	191.2	1.00	124.0	4.9	0.0	25.3	0.000	0.000	2.4965807801	1.301	1.195
20170410	7.8063335893	8.742	0.0	10.1	0.00	1.86	153.8	1.00	125.6	35.8	19.8	33.5	0.000	4.5003881245	3.3059454647	3.612	4.195
20170411	14.6073419043	18.395	1.0	11.7	0.00	1.22	109.8	1.00	126.8	43.8	41.5	40.9	0.92011781	9.6446719912	4.0425521031	5.779	8.828
20170412	14.3211625008	18.372	0.3	5.7	0.00	0.54	91.0	1.00	127.2	18.8	39.2	47.7	0.5745327	9.0336885025	4.7129412983	5.403	8.918
20170413	13.0094339494	13.782	2.0	4.1	0.00	1.57	78.9	1.00	127.4	13.8	33.8	53.9	0.000	7.6863682648	5.3230656846	4.754	8.255
20170414	12.8489089519	13.201	0.3	4.9	0.00	1.95	63.7	1.00	127.6	15.3	30.7	59.5	0.000	6.9705661696	5.8783427823	4.472	8.377
20170415	17.9428847991	15.518	5.6	8.6	0.00	2.10	32.6	1.00	127.9	36.3	44.0	64.6	1.2793675626	10.2798141338	6.3837031027	5.469	12.474
20170416	23.3966108366	26.883	7.9	12.0	0.00	2.40	0.0	0.00	128.1	40.3	56.2	69.3	3.0835050496	13.4694718598	6.8436339272	6.512	16.885
20170417	16.0597326677	21.485	1.3	4.9	2.57	2.57	0.0	0.00	125.6	1.3	37.2	73.5	0.2816436114	8.5158699043	7.262219152	4.636	11.424
20170418	12.4015652670	13.829	0.0	3.8	2.28	2.28	0.0	0.00	123.3	0.0	20.9	77.4	0.000	4.7583897166	7.6431755504	3.675	8.727
20170419	11.3246757713	12.714	9.1	4.2	1.35	1.35	0.0	0.00	122.5	8.6	14.7	80.9	0.000	3.3347899958	7.9898857755	3.404	7.920
20170420	9.2037912397	11.894	1.8	5.3	1.83	1.83	0.0	0.00	120.8	1.7	4.0	84.1	0.000	0.8983628439	8.3054283958	2.822	6.382
20170421	9.5700868299	12.750	14.0	3.8	1.76	1.76	0.0	0.00	120.2	12.8	4.3	87.0	0.000	0.9774815987	8.5926052312	3.046	6.524
20170422	8.4752180575	10.227	3.3	4.1	1.26	1.26	0.0	0.00	119.3	3.0	0.0	85.8	0.000	0.000	8.4752180575	2.703	5.772
20170423	7.7373965678	8.719	0.3	7.7	2.25	2.25	0.0	0.00	117.0	0.3	0.0	78.3	0.000	0.000	7.7373965678	2.469	5.268
20170424	7.0418413149	7.746	0.0	7.9	2.32	2.32	0.0	0.00	114.7	0.0	0.0	71.3	0.000	0.000	7.0418413149	2.247	4.795
20170425	6.6588933974	7.046	3.3	7.4	1.46	1.46	0.0	0.00	113.8	2.8	0.0	67.4	0.000	0.000	6.6588933974	2.146	4.513
20170426	6.2697588162	7.088	2.8	11.1	0.33	0.33	0.0	0.00	113.9	2.3	0.0	63.5	0.000	0.000	6.2697588162	2.041	4.229
20170427	5.7809277352	5.852	1.0	14.7	1.39	1.39	0.0	0.00	112.7	0.8	0.0	58.5	0.000	0.000	5.7809277352	1.889	3.892
20170428	5.2980369292	5.034	0.5	16.6	2.27	2.27	0.0	0.00	110.5	0.4	0.0	53.6	0.000	0.000	5.2980369292	1.735	3.563
20170429	4.8789040357	4.349	0.8	12.4	2.26	2.26	0.0	0.00	108.4	0.6	0.0	49.4	0.000	0.000	4.8789040357	1.604	3.275
20170430	4.5096799257	3.884	1.0	2.7	2.08	2.08	0.0	0.00	106.6	0.8	0.0	45.7	0.000	0.000	4.5096799257	1.490	3.020
20170501	5.7035032140	5.573	18.8	6.2	0.81	0.81	0.0	0.00	110.0	14.6	2.5	52.0	0.000	0.5654266687	5.1380765453	2.188	3.516
20170502	6.1539158421	8.210	14.2	7.9	0.46	0.46	0.0	0.00	112.3	11.4	2.0	57.8	0.000	0.4439325528	5.7099832893	2.559	3.595
20170503	5.6884987578	6.038	4.3	3.5	1.36	1.36	0.0	0.00	111.8	3.5	0.0	57.6	0.000	0.000	5.6884987578	2.387	3.302
20170504	5.1771297001	4.732	0.0	8.2	1.64	1.64	0.0	0.00	110.1	0.0	0.0	52.4	0.000	0.000	5.1771297001	2.172	3.005
20170505	5.4601733028	5.350	10.4	7.0	0.94	0.94	0.0	0.00	111.2	8.3	0.0	55.3	0.000	0.000	5.4601733028	2.445	3.015
20170506	5.4490419788	5.489	6.6	10.7	1.66	1.66	0.0	0.00	110.8	5.3	0.0	55.2	0.000	0.000	5.4490419788	2.536	2.913
20170507	6.1215656188	5.798	15.0	7.3	1.15	1.15	0.0	0.00	112.5	12.2	0.6	60.7	0.000	0.1285712136	5.9929944052	3.109	3.013
20170508	5.6005862742	6.016	1.3	2.5	0.82	0.82	0.0	0.00	111.9	1.1	0.0	56.7	0.000	0.000	5.6005862742	2.850	2.751
20170509	5.2064337706	4.609	1.5	2.6	1.58	1.58	0.0	0.00	110.6	1.2	0.0	52.7	0.000	0.000	5.2064337706	2.670	2.536
20170510	4.7384000687	4.126	0.0	5.0	2.74	2.74	0.0	0.00	107.9	0.0	0.0	48.0	0.000	0.000	4.7384000687	2.430	2.308
20170511	4.3124403768	3.709	0.0	8.4	3.02	3.02	0.0	0.00	104.9	0.0	0.0	43.7	0.000	0.000	4.3124403768	2.212	2.101
20170512	3.9247724408	3.391	0.0	11.1	3.24	3.24	0.0	0.00	101.6	0.0	0.0	39.7	0.000	0.000	3.9247724408	2.013	1.912
20170513	3.5908126735	3.144	0.3	11.2	1.60	1.60	0.0	0.00	100.1	0.2	0.0	36.4	0.000	0.000	3.5908126735	1.845	1.746
20170514	4.5124244345	4.331	17.8	6.5	1.83	1.83	0.0	0.00	103.5	12.6	0.9	43.6	0.000	0.2106133337	4.3018111009	2.604	1.908
20170515	4.7502901537	5.810	11.4	9.2	0.95	0.95	0.0	0.00	105.5	8.4	0.0	48.1	0.000	0.000	4.7502901537	2.867	1.883
20170516	4.3232615995	3.745	0.0	13.1	2.19	2.19	0.0	0.00	103.4	0.0	0.0	43.8	0.000	0.000	4.3232615995	2.610	1.714
20170517	3.9346208869	3.165	0.0	18.7	3.44	3.44	0.0	0.00	99.9	0.0	0.0	39.8	0.000	0.000	3.9346208869	2.375	1.560
20170518	3.5992940069	2.805	0.3	23.3	4.01	4.01	0.0	0.00	96.0	0.2	0.0	36.4	0.000	0.000	3.5992940069	2.176	1.424
20170519	3.3507580674	2.636	1.3	12.2	2.39	2.39	0.0	0.00	94.1	0.8	0.0	33.9	0.000	0.000	3.3507580674	2.038	1.313
20170520	3.0495408098	2.418	0.0	9.8	3.39	3.39	0.0	0.00	90.7	0.0	0.0	30.9	0.000	0.000	3.0495408098	1.855	1.195
20170521	2.7754015549	2.219	0.0	11.5	2.86	2.86	0.0	0.00	87.8	0.0	0.0	28.1	0.000	0.000	2.7754015549	1.688	1.087
20170522	3.4038265669	3.539	16.5	9.5	1.40	1.40	0.0	0.00	93.2	9.8	0.0	34.5	0.000	0.000	3.4038265669	2.246	1.158
20170523	3.1253662558	2.852	0.5	12.6	3.32	3.32	0.0	0.00	90.0	0.3	0.0	31.6	0.000	0.000	3.1253662558	2.067	1.059
20170524	2.8444106530	2.244	0.0	15.0	1.74	1.74	0.0	0.00	88.3	0.0	0.0	28.8	0.000	0.000	2.844410653	1.881	0.964
20170525	2.6803309502	2.041	1.8	12.9	2.24	2.24	0.0	0.00	86.8	1.0	0.0	27.1	0.000	0.000	2.6803309502	1.786	0.894
20170526	3.3761034076	3.859	17.8	10.1	2.73	2.73	0.0	0.00	91.5	10.4	0.0	34.2	0.000	0.000	3.3761034076	2.417	0.959
20170527	3.1261631378	2.560	1.0	12.8	2.72	2.72	0.0	0.00	89.2	0.6	0.0	31.6	0.000	0.000	3.1261631378	2.245	0.881
20170528	2.8451358991	2.063	0.0	15.1	3.53	3.53	0.0	0.00	85.6	0.0	0.0	28.8	0.000	0.000	2.8451358991	2.043	0.802
20170529	2.8154846804	2.059	4.6	10.9	1.31	1.31	0.0	0.00	86.4	2.5	0.0	28.5	0.000	0.000	2.8154846804	2.053	0.763
20170530	2.8424358770	2.225	5.6	9.7	1.68	1.68	0.0	0.00	87.2	3.1	0.0	28.8	0.000	0.000	2.842435877	2.110	0.732
20170531	2.9227726329	2.843	6.6	13.2	3.02	3.02	0.0	0.00	87.1	3.7	0.0	29.6	0.000	0.000	2.9227726329	2.214	0.709
20170601	2.6997676856	2.295	0.8	12.9	4.97	4.97	0.0	0.00	82.5	0.4	0.0	27.3	0.000	0.000	2.6997676856	2.049	0.650
20170602	2.6566486194	2.017	4.3	8.3	4.09	4.09	0.0	0.00	80.5	2.2	0.0	26.9	0.000	0.000	2.6566486194	2.041	0.616
20170603	2.7162997976	2.394	6.6	8.1	3.26	3.26	0.0	0.00	80.5	3.3	0.0	27.5	0.000	0.000	2.7162997976	2.123	0.593
20170604	2.9748732027	2.436	10.9	12.4	3.81	3.81	0.0	0.00	82.0	5.6	0.0	30.1	0.000	0.000	2.9748732027	2.386	0.589
20170605	2.9665541777	2.575	5.6	10.2	0.78	0.78	0.0	0.00	83.9	2.9	0.0	30.0	0.000	0.000	2.9665541777	2.407	0.560
20170606	3.6753131152	4.855	19.3	8.2	2.92	2.92	0.0	0.00	89.4	10.9	0.0	37.2	0.000	0.000	3.6753131152	3.094	0.582
20170607	3.3707939696	3.138	0.5	13.2	4.05	4.05	0.0	0.00	85.6	0.3	0.0	34.1	0.000	0.000	3.3707939696	2.840	0.531
20170608	3.0677755794	2.305	0.0	17.6	5.54	5.54	0.0	0.00	80.1	0.0	0.0	31.1	0.000	0.000	3.0677755794	2.584	0.483
20170609	2.7919971053	2.020	0.0	15.1	3.05	3.05	0.0	0.00	77.0	0.0	0.0	28.3	0.000	0.000	2.7919971053	2.352	0.440
20170610	2.5410098079	1.809	0.0	15.7	4.67	4.67	0.0	0.00	72.3	0.0	0.0	25.7	0.000	0.000	2.5410098079	2.141	0.400
20170611	2.3313097881	1.552	0.5	21.5	3.80	3.80	0.0	0.00	68.8	0.2	0.0	23.6	0.000	0.000	2.3313097881	1.966	0.366
20170612	2.1217360956	1.316	0.0	22.7	4.80	4.86	0.0	0.00	64.0	0.0	0.0	21.5	0.000	0.000	2.1217360956	1.789	0.333
20170613	1.9310020840	1.124	0.0	18.9	4.30	4.68	0.0	0.00	59.7	0.0	0.0	19.5	0.000	0.000	1.931002084	1.628	0.303
20170614	1.7574141554	1.042	0.0	13.4	5.41	6.32	0.0	0.00	54.3	0.0	0.0	17.8	0.000	0.000	1.7574141554	1.482	0.276
20170615	1.5994309582	0.959	0.0	14.2	4.64	5.96	0.0	0.00	49.7	0.0	0.0	16.2	0.000	0.000	1.5994309582	1.348	0.251
20170616	1.9665747477	2.700	19.8	13.0	3.02	3.72	0.0	0.00	60.8	5.7	0.0	19.9	0.000	0.000	1.9665747477	1.711	0.255
20170617	1.7897890053	1.663	0.0	17.6	4.59	5.27	0.0	0.00	56.2	0.0	0.0	18.1	0.000	0.000	1.7897890053	1.558	0.232
20170618	1.6365415177	1.247	0.3	21.3	3.73	4.63	0.0	0.00	52.7	0.1	0.0	16.6	0.000	0.000	1.6365415177	1.425	0.212
20170619	2.2113739370	4.466	24.9	20.5	4.00	4.57	0.0	0.00	65.5	8.0	0.0	22.4	0.000	0.000	2.211373937	1.993	0.218
20170620	2.5069198615	4.345	14.0	17.0	5.59	5.59	0.0	0.00	68.5	5.5	0.0	25.4	0.000	0.000	2.5069198615	2.294	0.213
20170621	2.2815596563	2.347	0.0	14.6	4.88	4.97	0.0	0.00	63.6	0.0	0.0	23.1	0.000	0.000	2.2815596563	2.088	0.194
20170622	2.0764582646	1.783	0.0	15.9	3.24	3.56	0.0	0.00	60.3	0.0	0.0	21.0	0.000	0.000	2.0764582646	1.900	0.176
20170623	2.6417412902	3.879	22.4	18.1	4.07	4.22	0.0	0.00	70.3	8.4	0.0	26.7	0.000	0.000	2.6417412902	2.465	0.177
20170624	3.5496783079	6.725	26.2	17.1	4.93	4.93	0.0	0.00	79.5	12.1	0.5	34.8	0.000	0.1116215744	3.4380567335	3.371	0.178
20170625	3.5354801128	3.687	8.1	15.4	5.62	5.62	0.0	0.00	77.9	4.0	0.0	35.8	0.000	0.000	3.5354801128	3.369	0.167
20170626	3.2176572194	3.073	0.0	13.5	5.45	5.45	0.0	0.00	72.5	0.0	0.0	32.6	0.000	0.000	3.2176572194	3.066	0.152
20170627	3.1968517191	2.639	6.9	13.7	3.55	3.55	0.0	0.00	72.8	3.0	0.0	32.4	0.000	0.000	3.1968517191	3.055	0.141
20170628	2.9856190192	2.674	2.0	12.3	3.68	3.68	0.0	0.00	70.3	0.8	0.0	30.2	0.000	0.000	2.9856190192	2.856	0.130
20170629	4.4709757913	5.470	32.3	13.3	2.80	2.80	0.0	0.00	84.4	15.4	3.2	38.0	0.000	0.7199543057	3.7510214856	4.338	0.133
20170630	3.8083366529	6.641	2.3	16.7	4.28	4.28	0.0	0.00	81.2	1.2	0.0	38.6	0.000	0.000	3.8083366529	3.690	0.119
20170701	4.1138759112	6.016	13.7	17.6	3.87	3.87	0.0	0.00	83.8	7.2	0.0	41.6	0.000	0.000	4.1138759112	4.001	0.113
20170702	3.7815660014	4.657	0.8	18.5	5.70	5.70	0.0	0.00	78.5	0.4	0.0	38.3	0.000	0.000	3.7815660014	3.679	0.103
20170703	3.5183503307	3.508	1.8	16.1	7.57	7.57	0.0	0.00	71.9	0.9	0.0	35.6	0.000	0.000	3.5183503307	3.424	0.094
20170704	3.2020673235	2.884	0.0	16.0	7.29	7.29	0.0	0.00	64.6	0.0	0.0	32.4	0.000	0.000	3.2020673235	3.116	0.086
20170705	2.9142166585	2.473	0.0	17.1	6.94	7.50	0.0	0.00	57.7	0.0	0.0	29.5	0.000	0.000	2.9142166585	2.836	0.078
20170706	2.6522424031	2.130	0.0	18.8	5.60	6.78	0.0	0.00	52.1	0.0	0.0	26.9	0.000	0.000	2.6522424031	2.581	0.071
20170707	2.5027201852	1.977	3.8	18.9	3.53	4.60	0.0	0.00	51.3	1.0	0.0	25.3	0.000	0.000	2.5027201852	2.438	0.065
20170708	2.5549895356	2.504	11.2	17.4	3.04	3.83	0.0	0.00	56.4	3.1	0.0	25.9	0.000	0.000	2.5549895356	2.494	0.061
20170709	2.3509507627	2.159	1.0	16.3	3.23	3.97	0.0	0.00	53.9	0.3	0.0	23.8	0.000	0.000	2.3509507627	2.296	0.055
20170710	2.1396114397	1.702	0.0	17.8	3.01	3.90	0.0	0.00	50.9	0.0	0.0	21.7	0.000	0.000	2.1396114397	2.089	0.050
20170711	2.0030564190	1.526	2.5	19.5	4.02	5.42	0.0	0.00	48.8	0.6	0.0	20.3	0.000	0.000	2.003056419	1.957	0.046
20170712	1.8435165657	1.457	1.0	18.7	4.64	6.59	0.0	0.00	44.9	0.2	0.0	18.7	0.000	0.000	1.8435165657	1.801	0.042
20170713	1.9135199978	2.601	11.4	14.4	2.89	4.10	0.0	0.00	50.8	2.6	0.0	19.4	0.000	0.000	1.9135199978	1.874	0.039
20170714	1.8389666903	2.126	4.3	13.4	1.27	1.69	0.0	0.00	52.7	1.1	0.0	18.6	0.000	0.000	1.8389666903	1.803	0.036
20170715	1.6852117953	1.834	0.5	17.3	3.76	4.96	0.0	0.00	49.3	0.1	0.0	17.1	0.000	0.000	1.6852117953	1.652	0.033
20170716	1.5504330211	1.358	0.8	18.8	4.35	6.11	0.0	0.00	45.6	0.2	0.0	15.7	0.000	0.000	1.5504330211	1.520	0.030
20170717	1.6280964224	1.675	10.4	19.7	3.32	4.68	0.0	0.00	50.3	2.4	0.0	16.5	0.000	0.000	1.6280964224	1.600	0.028
20170718	1.4924862321	1.485	0.5	19.7	3.79	5.25	0.0	0.00	46.8	0.1	0.0	15.1	0.000	0.000	1.4924862321	1.467	0.025
20170719	1.3641123122	1.077	0.3	20.2	4.19	6.23	0.0	0.00	42.9	0.1	0.0	13.8	0.000	0.000	1.3641123122	1.341	0.023
20170720	1.2465492533	0.887	0.3	19.9	3.72	6.04	0.0	0.00	39.4	0.1	0.0	12.6	0.000	0.000	1.2465492533	1.225	0.021
20170721	1.1344903879	0.718	0.0	19.6	4.02	7.11	0.0	0.00	35.4	0.0	0.0	11.5	0.000	0.000	1.1344903879	1.115	0.019
20170722	1.0362836750	0.594	0.3	18.6	2.90	5.71	0.0	0.00	32.7	0.0	0.0	10.5	0.000	0.000	1.036283675	1.019	0.017
20170723	0.9464831617	0.516	0.3	16.9	2.57	5.45	0.0	0.00	30.4	0.0	0.0	9.6	0.000	0.000	0.9464831617	0.931	0.016
20170724	1.0636870308	1.085	15.2	12.5	2.33	4.41	0.0	0.00	41.0	2.3	0.0	10.8	0.000	0.000	1.0636870308	1.049	0.015
20170725	1.0169080716	1.404	3.0	13.5	2.66	4.39	0.0	0.00	40.8	0.5	0.0	10.3	0.000	0.000	1.0169080716	1.003	0.014
20170726	0.9333300701	0.819	0.5	15.9	3.38	5.75	0.0	0.00	37.9	0.1	0.0	9.4	0.000	0.000	0.9333300701	0.921	0.012
20170727	0.8634001367	0.717	1.0	16.8	2.67	4.87	0.0	0.00	36.1	0.2	0.0	8.7	0.000	0.000	0.8634001367	0.852	0.011
20170728	0.8054588475	0.614	1.5	14.9	3.42	6.51	0.0	0.00	33.9	0.2	0.0	8.2	0.000	0.000	0.8054588475	0.795	0.010
20170729	0.7330519174	0.451	0.0	14.7	2.45	5.05	0.0	0.00	31.5	0.0	0.0	7.4	0.000	0.000	0.7330519174	0.724	0.009
20170730	0.6671540269	0.361	0.0	15.8	3.28	7.27	0.0	0.00	28.2	0.0	0.0	6.8	0.000	0.000	0.6671540269	0.659	0.009
20170731	0.6160832303	0.335	1.0	18.3	1.28	3.12	0.0	0.00	27.8	0.1	0.0	6.2	0.000	0.000	0.6160832303	0.608	0.008
20170801	0.5633166782	0.306	0.3	18.9	1.60	4.00	0.0	0.00	26.5	0.0	0.0	5.7	0.000	0.000	0.5633166782	0.556	0.007
20170802	0.5126771806	0.233	0.0	19.7	1.68	4.43	0.0	0.00	24.8	0.0	0.0	5.2	0.000	0.000	0.5126771806	0.506	0.006
20170803	0.5733982156	0.809	11.2	19.8	2.73	6.39	0.0	0.00	32.1	1.2	0.0	5.8	0.000	0.000	0.5733982156	0.567	0.006
20170804	0.5326962778	0.534	1.0	19.7	2.71	5.81	0.0	0.00	30.2	0.1	0.0	5.4	0.000	0.000	0.5326962778	0.527	0.005
20170805	1.1320179797	3.876	35.6	16.1	2.69	4.22	0.0	0.00	56.0	7.2	0.0	11.5	0.000	0.000	1.1320179797	1.127	0.005
20170806	1.1024469290	1.810	2.8	13.7	5.07	6.21	0.0	0.00	52.9	0.8	0.0	11.2	0.000	0.000	1.102446929	1.098	0.005
20170807	1.1017886275	1.045	4.1	15.1	4.20	5.39	0.0	0.00	51.7	1.1	0.0	11.2	0.000	0.000	1.1017886275	1.097	0.004
20170808	1.0366468872	0.939	1.5	15.0	4.87	6.51	0.0	0.00	47.9	0.4	0.0	10.5	0.000	0.000	1.0366468872	1.033	0.004
20170809	0.9696119785	0.635	1.3	16.1	4.47	6.43	0.0	0.00	44.5	0.3	0.0	9.8	0.000	0.000	0.9696119785	0.966	0.004
20170810	0.8913729687	0.474	0.5	18.1	2.62	4.09	0.0	0.00	42.3	0.1	0.0	9.0	0.000	0.000	0.8913729687	0.888	0.003
20170811	0.8161960445	0.411	0.3	18.9	3.21	5.28	0.0	0.00	39.3	0.1	0.0	8.3	0.000	0.000	0.8161960445	0.813	0.003
20170812	0.9878320271	0.846	13.7	18.5	2.11	3.28	0.0	0.00	48.2	2.7	0.0	10.0	0.000	0.000	0.9878320271	0.985	0.003
20170813	0.9848304221	0.794	4.1	16.4	2.38	3.34	0.0	0.00	48.9	1.0	0.0	10.0	0.000	0.000	0.9848304221	0.982	0.003
20170814	0.9066198472	0.488	0.5	16.7	3.08	4.38	0.0	0.00	46.2	0.1	0.0	9.2	0.000	0.000	0.9066198472	0.904	0.002
20170815	1.2726570969	1.252	19.1	17.7	3.41	4.47	0.0	0.00	56.9	5.0	0.0	12.9	0.000	0.000	1.2726570969	1.270	0.002
20170816	1.1842582381	1.054	1.0	13.4	3.34	4.06	0.0	0.00	54.3	0.3	0.0	12.0	0.000	0.000	1.1842582381	1.182	0.002
20170817	1.0777990394	0.559	0.0	14.0	2.91	3.74	0.0	0.00	51.4	0.0	0.0	10.9	0.000	0.000	1.0777990394	1.076	0.002
20170818	1.3581834862	1.676	14.7	15.0	2.00	2.46	0.0	0.00	59.9	4.2	0.0	13.8	0.000	0.000	1.3581834862	1.356	0.002
20170819	1.2727666997	1.056	1.3	18.5	4.68	5.41	0.0	0.00	56.1	0.4	0.0	12.9	0.000	0.000	1.2727666997	1.271	0.002
20170820	1.1837897862	0.738	1.0	16.9	4.59	5.67	0.0	0.00	52.3	0.3	0.0	12.0	0.000	0.000	1.1837897862	1.182	0.001
20170821	1.0887793403	0.521	0.5	18.8	3.73	4.97	0.0	0.00	48.9	0.1	0.0	11.0	0.000	0.000	1.0887793403	1.087	0.001
20170822	1.1315092921	0.592	6.4	20.2	3.49	4.75	0.0	0.00	50.2	1.6	0.0	11.5	0.000	0.000	1.1315092921	1.130	0.001
20170823	1.0405349470	0.589	0.5	15.4	4.03	5.58	0.0	0.00	46.6	0.1	0.0	10.5	0.000	0.000	1.040534947	1.039	0.001
20170824	0.9469957905	0.389	0.0	13.8	3.30	4.95	0.0	0.00	43.3	0.0	0.0	9.6	0.000	0.000	0.9469957905	0.946	0.001
20170825	0.8618653606	0.340	0.0	12.4	2.45	3.94	0.0	0.00	40.8	0.0	0.0	8.7	0.000	0.000	0.8618653606	0.861	0.001
20170826	0.7843877525	0.309	0.0	12.4	2.48	4.24	0.0	0.00	38.4	0.0	0.0	7.9	0.000	0.000	0.7843877525	0.784	0.001
20170827	0.7138750139	0.263	0.0	13.2	2.80	5.09	0.0	0.00	35.6	0.0	0.0	7.2	0.000	0.000	0.7138750139	0.713	0.001
20170828	0.6497010360	0.216	0.0	13.8	2.76	5.42	0.0	0.00	32.8	0.0	0.0	6.6	0.000	0.000	0.649701036	0.649	0.001
20170829	0.5912959944	0.198	0.0	13.0	1.91	4.06	0.0	0.00	30.9	0.0	0.0	6.0	0.000	0.000	0.5912959944	0.591	0.001
20170830	0.5381412891	0.178	0.0	13.9	2.13	4.80	0.0	0.00	28.8	0.0	0.0	5.4	0.000	0.000	0.5381412891	0.538	0.001
20170831	0.4897649396	0.172	0.0	11.5	1.35	3.27	0.0	0.00	27.4	0.0	0.0	5.0	0.000	0.000	0.4897649396	0.489	0.001
20170901	0.4457373945	0.174	0.0	7.7	2.31	5.87	0.0	0.00	25.1	0.0	0.0	4.5	0.000	0.000	0.4457373945	0.445	0.000
20170902	0.4056677168	0.145	0.0	10.0	2.02	5.60	0.0	0.00	23.1	0.0	0.0	4.1	0.000	0.000	0.4056677168	0.405	0.000
20170903	0.8031116581	1.340	32.0	10.2	1.54	2.92	0.0	0.00	48.7	4.8	0.0	8.1	0.000	0.000	0.8031116581	0.803	0.000
20170904	0.8115348595	1.861	3.8	14.7	3.51	4.88	0.0	0.00	48.1	0.9	0.0	8.2	0.000	0.000	0.8115348595	0.811	0.000
20170905	1.0926636753	2.189	15.0	14.6	2.38	3.10	0.0	0.00	56.8	3.9	0.0	11.1	0.000	0.000	1.0926636753	1.092	0.000
20170906	1.1459443529	1.723	5.6	12.8	1.90	2.26	0.0	0.00	58.8	1.7	0.0	11.6	0.000	0.000	1.1459443529	1.146	0.000
20170907	1.2323866730	1.505	6.6	12.7	3.04	3.47	0.0	0.00	60.3	2.1	0.0	12.5	0.000	0.000	1.232386673	1.232	0.000
20170908	1.1499557049	1.122	1.0	11.4	2.63	3.03	0.0	0.00	58.3	0.3	0.0	11.6	0.000	0.000	1.1499557049	1.150	0.000
20170909	1.0872846304	0.983	1.5	11.4	3.86	4.57	0.0	0.00	55.5	0.5	0.0	11.0	0.000	0.000	1.0872846304	1.087	0.000
20170910	1.0222144307	0.746	1.3	11.8	2.86	3.57	0.0	0.00	53.6	0.4	0.0	10.3	0.000	0.000	1.0222144307	1.022	0.000
20170911	0.9374344567	0.548	0.3	14.0	3.23	4.19	0.0	0.00	50.6	0.1	0.0	9.5	0.000	0.000	0.9374344567	0.937	0.000
20170912	0.8596772988	0.440	0.3	14.8	3.44	4.74	0.0	0.00	47.4	0.1	0.0	8.7	0.000	0.000	0.8596772988	0.859	0.000
20170913	0.7823963871	0.368	0.0	16.3	3.13	4.62	0.0	0.00	44.2	0.0	0.0	7.9	0.000	0.000	0.7823963871	0.782	0.000
20170914	0.7120626628	0.350	0.0	16.5	1.80	2.84	0.0	0.00	42.4	0.0	0.0	7.2	0.000	0.000	0.7120626628	0.712	0.000
20170915	0.6480516067	0.308	0.0	19.5	2.37	3.90	0.0	0.00	40.1	0.0	0.0	6.6	0.000	0.000	0.6480516067	0.648	0.000
20170916	0.5897948410	0.275	0.0	19.2	2.39	4.17	0.0	0.00	37.7	0.0	0.0	6.0	0.000	0.000	0.589794841	0.590	0.000
20170917	0.5367750822	0.257	0.0	18.3	2.18	4.05	0.0	0.00	35.5	0.0	0.0	5.4	0.000	0.000	0.5367750822	0.537	0.000
20170918	0.4885215482	0.236	0.0	19.6	1.27	2.50	0.0	0.00	34.2	0.0	0.0	4.9	0.000	0.000	0.4885215482	0.488	0.000
20170919	0.4446057781	0.217	0.0	18.2	0.81	1.65	0.0	0.00	33.4	0.0	0.0	4.5	0.000	0.000	0.4446057781	0.445	0.000
20170920	0.4046378274	0.201	0.0	18.3	1.95	4.07	0.0	0.00	31.5	0.0	0.0	4.1	0.000	0.000	0.4046378274	0.405	0.000
20170921	0.3714210568	0.166	0.3	17.6	2.25	4.97	0.0	0.00	29.5	0.0	0.0	3.8	0.000	0.000	0.3714210568	0.371	0.000
20170922	0.3380320655	0.131	0.0	16.6	1.75	4.13	0.0	0.00	27.7	0.0	0.0	3.4	0.000	0.000	0.3380320655	0.338	0.000
20170923	0.3076445861	0.125	0.0	17.7	1.44	3.62	0.0	0.00	26.3	0.0	0.0	3.1	0.000	0.000	0.3076445861	0.308	0.000
20170924	0.2799887969	0.118	0.0	21.6	1.55	4.12	0.0	0.00	24.7	0.0	0.0	2.8	0.000	0.000	0.2799887969	0.280	0.000
20170925	0.2548191321	0.119	0.0	22.5	1.62	4.57	0.0	0.00	23.1	0.0	0.0	2.6	0.000	0.000	0.2548191321	0.255	0.000
20170926	0.2319121007	0.147	0.0	22.2	1.30	3.92	0.0	0.00	21.8	0.0	0.0	2.3	0.000	0.000	0.2319121007	0.232	0.000
20170927	0.2235184957	0.121	2.0	22.1	1.24	3.79	0.0	0.00	22.4	0.1	0.0	2.3	0.000	0.000	0.2235184957	0.223	0.000
20170928	0.2130670274	0.141	1.5	13.0	1.47	4.44	0.0	0.00	22.4	0.1	0.0	2.2	0.000	0.000	0.2130670274	0.213	0.000
20170929	0.1939133122	0.133	0.0	8.1	1.35	4.22	0.0	0.00	21.0	0.0	0.0	2.0	0.000	0.000	0.1939133122	0.194	0.000
20170930	0.1781889466	0.147	0.3	6.8	0.56	1.84	0.0	0.00	20.7	0.0	0.0	1.8	0.000	0.000	0.1781889466	0.178	0.000
