Date	Qsim	Qobs	Precipitation	Temperature	AET	PET	Snow	Snowcover	SM	Recharge	SUZ	SLZ	Q0	Q1	Q2	Qsim_rain	Qsim_snow
20151001	2.4613272916	1.116	0.0	7.9	2.27	2.27	0.0	0.00	69.7	0.0	10.0	1.9	0.000	2.2705270398	0.1908002518	2.461	0.000
20151002	2.0019530448	0.592	0.0	5.9	1.68	1.68	0.0	0.00	68.0	0.0	8.0	2.0	0.000	1.8076289216	0.1943241232	2.002	0.000
20151003	1.6279538207	0.452	0.0	6.2	1.86	1.91	0.0	0.00	66.2	0.0	6.3	2.0	0.000	1.4304226053	0.1975312153	1.628	0.000
20151004	1.3234948108	0.376	0.0	6.4	1.80	1.90	0.0	0.00	64.4	0.0	4.9	2.0	0.000	1.1230448057	0.2004500051	1.323	0.000
20151005	1.0756752617	0.340	0.0	7.3	2.12	2.30	0.0	0.00	62.3	0.0	3.8	2.1	0.000	0.8725688522	0.2031064095	1.076	0.000
20151006	0.8801196244	0.319	0.1	8.6	2.47	2.77	0.0	0.00	59.8	0.0	3.0	2.1	0.000	0.6745956087	0.2055240157	0.880	0.000
20151007	0.7148609603	0.314	0.0	10.8	1.75	2.04	0.0	0.00	58.1	0.0	2.2	2.1	0.000	0.5071366697	0.2077242906	0.715	0.000
20151008	0.5804045377	0.308	0.0	7.1	1.50	1.80	0.0	0.00	56.6	0.0	1.6	2.1	0.000	0.3706777665	0.2097267712	0.580	0.000
20151009	1.5177793382	1.196	17.1	7.1	1.07	1.19	0.0	0.00	67.0	5.7	5.7	2.1	0.000	1.3062300998	0.2115492383	1.518	0.000
20151010	1.2556237753	0.728	0.3	4.9	1.99	2.07	0.0	0.00	65.2	0.1	4.6	2.2	0.000	1.042415901	0.2132078743	1.256	0.000
20151011	1.0215833949	0.533	0.0	9.3	2.02	2.16	0.0	0.00	63.2	0.0	3.6	2.2	0.000	0.8068659882	0.2147174068	1.022	0.000
20151012	0.8310123667	0.467	0.0	13.4	2.12	2.34	0.0	0.00	61.0	0.0	2.7	2.2	0.000	0.6149211273	0.2160912394	0.831	0.000
20151013	0.9835950528	0.469	5.0	13.2	1.42	1.58	0.0	0.00	63.0	1.7	3.4	2.2	0.000	0.7662534818	0.217341571	0.984	0.000
20151014	1.1157176321	0.666	4.9	6.0	1.61	1.74	0.0	0.00	64.5	1.7	3.9	2.2	0.000	0.8972381283	0.2184795037	1.116	0.000
20151015	0.9080786986	0.539	0.0	6.4	2.00	2.16	0.0	0.00	62.5	0.0	3.0	2.2	0.000	0.6885635569	0.2195151417	0.908	0.000
20151016	0.8762943535	0.553	2.2	4.2	1.91	2.11	0.0	0.00	62.1	0.7	2.9	2.2	0.000	0.6558366728	0.2204576807	0.876	0.000
20151017	0.7131658821	0.594	7.2	-0.6	2.04	2.30	4.1	1.00	60.0	0.0	2.2	2.2	0.000	0.4918503922	0.22131549	0.713	0.000
20151018	0.5803174743	0.564	0.8	-3.3	0.00	1.09	4.5	1.00	60.0	0.0	1.6	2.2	0.000	0.358221288	0.2220961862	0.580	0.000
20151019	0.4721363348	0.516	0.8	-2.3	0.00	2.01	5.0	1.00	60.0	0.0	1.1	2.3	0.000	0.2493296332	0.2228067016	0.472	0.000
20151020	0.7071354295	0.569	0.4	7.1	0.00	1.33	0.0	0.00	63.7	1.7	2.1	2.3	0.000	0.4836820845	0.223453345	0.684	0.023
20151021	0.6327296625	0.528	0.9	9.6	1.23	1.34	0.0	0.00	63.0	0.3	1.8	2.3	0.000	0.4086878042	0.2240418583	0.610	0.022
20151022	0.5775324672	0.495	1.0	10.5	1.02	1.12	0.0	0.00	62.7	0.3	1.6	2.3	0.000	0.3529550003	0.2245774669	0.556	0.022
20151023	0.4886913287	0.459	0.3	1.8	0.82	0.92	0.0	0.00	62.0	0.1	1.2	2.3	0.000	0.2636264017	0.2250649269	0.470	0.018
20151024	0.3977547398	0.416	0.0	1.6	1.75	1.97	0.0	0.00	60.3	0.0	0.8	2.3	0.000	0.1722461732	0.2255085666	0.384	0.014
20151025	0.5511603447	0.519	3.8	6.4	1.36	1.54	0.0	0.00	61.5	1.2	1.4	2.3	0.000	0.3252480195	0.2259123252	0.525	0.026
20151026	0.4969191149	0.476	0.8	1.8	1.27	1.44	0.0	0.00	60.8	0.3	1.2	2.3	0.000	0.2706393271	0.2262797877	0.473	0.024
20151027	0.4045750814	0.432	0.0	2.4	0.92	1.05	0.0	0.00	59.9	0.0	0.8	2.3	0.000	0.1779608642	0.2266142172	0.386	0.018
20151028	1.5225060626	0.944	18.0	3.1	0.91	0.97	0.0	0.00	70.5	6.4	5.7	2.3	0.000	1.2955874796	0.226918583	1.446	0.077
20151029	2.6197727277	3.926	16.9	10.5	1.72	1.72	0.0	0.00	78.2	7.5	10.5	2.3	0.000	2.39257714	0.2271955878	2.499	0.121
20151030	2.1345327713	1.432	1.5	1.2	1.04	1.04	0.8	1.00	77.2	0.0	8.4	2.3	0.000	1.9070850802	0.2274476911	2.037	0.098
20151031	1.8110937013	1.030	0.0	1.8	0.00	1.32	0.0	0.00	77.6	0.4	7.0	2.3	0.000	1.5834165697	0.2276771316	1.728	0.083
20151101	1.5529014051	0.931	0.9	5.2	0.84	0.84	0.0	0.00	77.3	0.4	5.8	2.3	0.000	1.3250154586	0.2278859464	1.481	0.072
20151102	1.3078677326	0.828	0.5	5.7	1.50	1.50	0.0	0.00	76.0	0.2	4.8	2.3	0.000	1.0797917427	0.2280759898	1.247	0.060
20151103	1.0738935125	0.793	0.1	8.2	1.05	1.05	0.0	0.00	75.1	0.0	3.7	2.3	0.000	0.8456445633	0.2282489492	1.024	0.049
20151104	0.8749273644	0.746	0.0	7.5	1.26	1.26	0.0	0.00	73.8	0.0	2.8	2.3	0.000	0.646521004	0.2284063604	0.835	0.040
20151105	0.7128088631	0.736	0.0	11.9	1.51	1.51	0.0	0.00	72.3	0.0	2.1	2.3	0.000	0.4842592421	0.228549621	0.680	0.032
20151106	0.5884192605	0.721	0.1	14.4	1.60	1.60	0.0	0.00	70.8	0.0	1.6	2.3	0.000	0.3597392573	0.2286800032	0.562	0.027
20151107	0.5992301696	0.692	1.6	6.7	1.53	1.53	0.0	0.00	70.2	0.6	1.6	2.3	0.000	0.3704315049	0.2287986647	0.572	0.028
20151108	0.4881861510	0.691	0.6	1.1	1.66	1.66	0.3	1.00	68.5	0.0	1.1	2.3	0.000	0.259279492	0.228906659	0.466	0.022
20151109	0.4217115361	0.660	0.0	3.9	0.00	0.95	0.0	0.00	68.7	0.1	0.8	2.3	0.000	0.192706591	0.2290049452	0.402	0.019
20151110	0.3435494493	0.636	0.0	5.1	1.33	1.35	0.0	0.00	67.4	0.0	0.5	2.3	0.000	0.1144550534	0.2290943959	0.328	0.016
20151111	0.3144768961	0.642	0.5	6.2	0.91	0.94	0.0	0.00	66.8	0.2	0.4	2.3	0.000	0.0853010907	0.2291758054	0.300	0.015
20151112	0.9676192206	0.860	9.8	5.4	1.30	1.30	0.0	0.00	71.5	3.8	3.3	2.3	0.000	0.738369324	0.2292498966	0.922	0.046
20151113	1.7414953769	1.728	11.8	3.6	1.49	1.49	0.0	0.00	76.6	5.1	6.7	2.3	0.000	1.5121780495	0.2293173273	1.665	0.076
20151114	1.4190443603	1.754	4.9	-1.4	1.56	1.56	2.8	1.00	75.0	0.0	5.2	2.3	0.000	1.189665664	0.2293786964	1.357	0.062
20151115	1.1562913911	1.139	0.2	0.3	0.00	1.24	2.9	1.00	75.0	0.0	4.1	2.3	0.000	0.9268568425	0.2294345486	1.106	0.051
20151116	0.9421846282	1.105	1.0	0.3	0.00	0.98	3.4	1.00	75.0	0.0	3.1	2.3	0.000	0.7126992482	0.22948538	0.901	0.041
20151117	0.7677181969	0.978	0.0	-0.8	0.00	0.81	3.4	1.00	75.0	0.0	2.4	2.3	0.000	0.538186555	0.2295316419	0.734	0.034
20151118	0.6255534353	0.876	0.0	0.7	0.00	1.22	3.4	1.00	75.0	0.0	1.7	2.3	0.000	0.3959796902	0.2295737451	0.598	0.027
20151119	1.3339032715	0.909	6.2	5.3	0.00	1.07	0.0	0.00	80.2	4.5	4.9	2.3	0.000	1.1042912082	0.2296120634	1.249	0.085
20151120	1.8047166133	2.448	7.7	2.6	0.69	0.69	0.0	0.00	83.4	3.9	6.9	2.3	0.000	1.5750696763	0.229646937	1.686	0.119
20151121	1.4705934546	1.382	0.0	-0.1	1.25	1.25	0.0	0.00	82.1	0.0	5.5	2.3	0.000	1.2409147789	0.2296786757	1.374	0.097
20151122	1.2170364408	1.177	0.2	2.4	1.08	1.08	0.0	0.00	81.1	0.1	4.3	2.3	0.000	0.9873288795	0.2297075613	1.137	0.080
20151123	0.9917105384	1.032	1.6	-5.1	0.94	0.94	0.9	1.00	80.2	0.0	3.4	2.3	0.000	0.7619766883	0.2297338501	0.927	0.065
20151124	0.8080995203	0.903	0.0	-7.0	0.00	0.38	0.9	1.00	80.2	0.0	2.5	2.3	0.000	0.5783417445	0.2297577757	0.756	0.052
20151125	0.6584808927	0.904	0.0	-3.3	0.00	0.52	0.9	1.00	80.2	0.0	1.9	2.3	0.000	0.4287013421	0.2297795505	0.616	0.042
20151126	0.5365617720	0.903	0.0	1.1	0.00	0.48	0.9	1.00	80.2	0.0	1.4	2.3	0.000	0.3067624041	0.2297993679	0.502	0.034
20151127	0.6005112076	0.918	0.9	5.7	0.00	1.19	0.0	0.00	81.1	0.9	1.6	2.3	0.000	0.3706938038	0.2298174038	0.560	0.040
20151128	0.4893270524	1.010	1.2	0.3	1.05	1.05	0.7	1.00	80.1	0.0	1.1	2.3	0.000	0.2594932341	0.2298338183	0.457	0.033
20151129	0.3987268957	0.903	0.6	-5.4	0.00	0.29	1.0	1.00	80.1	0.0	0.7	2.3	0.000	0.1688781384	0.2298487573	0.372	0.026
20151130	0.3249000825	0.793	0.1	-6.7	0.00	0.22	1.1	1.00	80.1	0.0	0.4	2.3	0.000	0.0950377293	0.2298623533	0.304	0.021
20151201	0.2647414001	0.886	8.2	-4.3	0.00	0.65	5.7	1.00	80.1	0.0	0.2	2.3	0.000	0.034866673	0.229874727	0.248	0.017
20151202	2.1831894904	3.150	19.8	1.5	0.00	0.72	5.4	1.00	89.5	10.6	8.6	2.3	0.000	1.9533035019	0.2298859885	2.030	0.153
20151203	1.7790261127	2.823	9.4	1.1	0.00	1.31	10.7	1.00	89.5	0.0	6.8	2.3	0.000	1.5491298751	0.2298962376	1.655	0.124
20151204	1.4496825248	1.756	3.3	-0.6	0.00	1.15	12.6	1.00	89.5	0.0	5.4	2.3	0.000	1.2197769595	0.2299055653	1.348	0.101
20151205	1.1813079829	1.641	0.8	0.4	0.00	0.85	13.0	1.00	89.5	0.0	4.2	2.3	0.000	0.9513939283	0.2299140546	1.099	0.082
20151206	0.9626158039	1.519	0.0	-0.1	0.00	0.95	13.0	1.00	89.5	0.0	3.2	2.3	0.000	0.7326940232	0.2299217806	0.896	0.067
20151207	0.7844087051	1.415	0.0	-0.7	0.00	1.20	13.0	1.00	89.5	0.0	2.4	2.3	0.000	0.5544798929	0.2299288122	0.730	0.055
20151208	0.6391920134	1.357	0.5	-2.1	0.00	0.41	13.3	1.00	89.5	0.0	1.8	2.3	0.000	0.4092568018	0.2299352116	0.595	0.044
20151209	0.5208584771	1.346	0.0	0.4	0.00	0.68	13.3	1.00	89.5	0.0	1.3	2.3	0.000	0.2909174413	0.2299410358	0.485	0.036
20151210	1.6297485284	1.485	0.0	4.2	0.00	0.74	2.4	1.00	93.9	6.5	6.2	2.3	0.000	1.399802192	0.2299463364	1.395	0.235
20151211	1.6056942070	1.555	0.0	5.2	0.00	0.65	0.0	0.00	94.8	1.5	6.1	2.3	0.000	1.3757430465	0.2299511605	1.363	0.243
20151212	1.3433793931	1.411	0.3	3.6	0.33	0.33	0.0	0.00	94.6	0.2	4.9	2.3	0.000	1.1134238421	0.229955551	1.141	0.203
20151213	1.1295036480	1.283	0.3	1.4	0.88	0.88	0.0	0.00	93.8	0.2	4.0	2.3	0.000	0.8995441013	0.2299595467	0.959	0.170
20151214	1.0926964655	1.250	1.5	3.7	0.64	0.64	0.0	0.00	93.8	0.9	3.8	2.3	0.000	0.8627332823	0.2299631833	0.923	0.170
20151215	2.1151151423	2.227	10.4	3.7	0.54	0.54	0.0	0.00	97.0	6.6	8.3	2.3	0.000	1.8851486494	0.2299664929	1.771	0.344
20151216	1.7235613690	1.702	0.8	-1.5	0.95	0.95	0.5	1.00	96.1	0.0	6.6	2.3	0.000	1.493591864	0.229969505	1.444	0.279
20151217	2.0967980996	1.604	5.3	2.1	0.00	0.60	0.0	0.00	98.1	3.7	8.2	2.3	0.000	1.8668258532	0.2299722464	1.757	0.340
20151218	1.9298208768	2.089	1.8	1.3	1.02	1.02	0.0	0.00	97.7	1.2	7.5	2.3	0.000	1.6998461355	0.2299747413	1.618	0.312
20151219	1.5725696043	1.610	5.8	-4.2	0.82	0.82	3.3	1.00	96.8	0.0	5.9	2.3	0.000	1.3425925924	0.229977012	1.319	0.253
20151220	1.2814529826	1.473	0.5	-6.5	0.00	0.36	3.6	1.00	96.8	0.0	4.6	2.3	0.000	1.0514739041	0.2299790785	1.076	0.205
20151221	1.0442281310	1.446	1.3	-3.4	0.00	0.58	4.3	1.00	96.8	0.0	3.6	2.3	0.000	0.8142471718	0.2299809592	0.878	0.167
20151222	4.0279025697	4.738	20.6	2.7	0.00	0.24	0.0	0.00	104.6	17.2	16.7	2.3	0.000	3.7979198989	0.2299826709	3.373	0.655
20151223	4.3642612796	3.627	7.9	4.8	1.01	1.01	0.0	0.00	105.6	5.8	18.2	2.3	0.000	4.1342770509	0.2299842287	3.667	0.698
20151224	4.8236375917	5.496	9.1	7.1	1.04	1.04	0.0	0.00	106.8	6.8	20.2	2.3	0.000	4.5936519452	0.2299856465	4.078	0.746
20151225	3.9306833679	3.355	0.0	3.7	1.27	1.27	0.0	0.00	105.5	0.0	16.3	2.3	0.000	3.7006964311	0.2299869368	3.323	0.607
20151226	3.2030331502	2.822	0.0	-0.1	1.48	1.48	0.0	0.00	104.1	0.0	13.1	2.3	0.000	2.9730450391	0.2299881111	2.709	0.495
20151227	2.6100858134	4.305	11.7	-1.5	0.74	0.74	6.6	1.00	103.3	0.0	10.5	2.3	0.000	2.3800966336	0.2299891799	2.207	0.403
20151228	2.1269051205	3.357	1.8	-8.5	0.00	0.69	7.6	1.00	103.3	0.0	8.4	2.3	0.000	1.8969149679	0.2299901525	1.799	0.328
20151229	1.7331710368	3.062	26.9	-8.4	0.00	0.26	22.8	1.00	103.3	0.0	6.6	2.3	0.000	1.503179999	0.2299910378	1.466	0.267
20151230	1.4123251780	2.735	3.3	-4.0	0.00	1.10	24.6	1.00	103.3	0.0	5.2	2.3	0.000	1.1823333346	0.2299918434	1.195	0.217
20151231	1.1508744522	2.643	3.3	-1.4	0.00	0.60	26.5	1.00	103.3	0.0	4.1	2.3	0.000	0.9208818755	0.2299925767	0.974	0.177
20160101	0.9378236124	2.500	2.8	-3.1	0.00	0.77	28.1	1.00	103.3	0.0	3.1	2.3	0.000	0.7078303684	0.229993244	0.794	0.144
20160102	0.7642128547	2.339	0.8	-4.5	0.00	0.84	28.5	1.00	103.3	0.0	2.4	2.3	0.000	0.5342190033	0.2299938513	0.647	0.117
20160103	0.6227410166	2.225	1.8	-5.0	0.00	0.53	29.5	1.00	103.3	0.0	1.7	2.3	0.000	0.3927466126	0.2299944041	0.527	0.095
20160104	0.5074585291	2.115	1.0	-13.8	0.00	0.76	30.1	1.00	103.3	0.0	1.2	2.3	0.000	0.277463622	0.2299949071	0.430	0.078
20160105	0.4135172091	2.022	0.3	-17.5	0.00	1.25	30.3	1.00	103.3	0.0	0.8	2.3	0.000	0.1835218442	0.2299953649	0.350	0.063
20160106	0.3369663706	1.919	0.0	-10.3	0.00	0.64	30.3	1.00	103.3	0.0	0.5	2.3	0.000	0.106970589	0.2299957816	0.286	0.051
20160107	0.2745866799	1.800	0.0	-5.6	0.00	0.70	30.3	1.00	103.3	0.0	0.2	2.3	0.000	0.0445905191	0.2299961608	0.233	0.042
20160108	0.2269654881	1.753	0.0	-5.2	0.00	0.85	30.3	1.00	103.3	0.0	0.0	2.3	0.000	0.000	0.2269654881	0.193	0.034
20160109	0.2065623672	1.727	0.0	-0.6	0.00	0.59	30.3	1.00	103.3	0.0	0.0	2.1	0.000	0.000	0.2065623672	0.175	0.031
20160110	4.5783425212	6.849	31.5	2.0	0.00	0.37	30.3	1.00	110.9	23.8	19.2	2.1	0.000	4.369673222	0.2086692993	3.998	0.580
20160111	3.7287675267	5.554	1.8	-5.9	0.00	1.44	31.4	1.00	110.9	0.0	15.5	2.1	0.000	3.5181806986	0.2105868281	3.256	0.473
20160112	3.0366486395	3.136	0.3	-7.2	0.00	0.35	31.5	1.00	110.9	0.0	12.4	2.1	0.000	2.8243166593	0.2123319802	2.651	0.385
20160113	2.4728211357	2.619	3.3	-13.2	0.00	1.53	33.4	1.00	110.9	0.0	9.9	2.2	0.000	2.2589008843	0.2139202514	2.159	0.314
20160114	2.0135207471	2.367	0.5	-13.2	0.00	0.87	33.7	1.00	110.9	0.0	7.9	2.2	0.000	1.7981550026	0.2153657445	1.757	0.256
20160115	1.6393837949	2.206	0.0	-9.7	0.00	0.73	33.7	1.00	110.9	0.0	6.3	2.2	0.000	1.4227025003	0.2166812947	1.430	0.209
20160116	1.3346324313	2.124	4.6	-2.6	0.00	0.51	36.3	1.00	110.9	0.0	4.9	2.2	0.000	1.1167538482	0.2178785831	1.164	0.170
20160117	1.0864107192	2.016	0.3	-7.1	0.00	1.26	36.4	1.00	110.9	0.0	3.8	2.2	0.000	0.8674424782	0.218968241	0.947	0.139
20160118	0.8842436279	1.878	5.3	-11.7	0.00	0.40	39.4	1.00	110.9	0.0	2.9	2.2	0.000	0.6642836841	0.2199599438	0.771	0.113
20160119	0.7195961881	1.765	2.0	-15.4	0.00	0.67	40.5	1.00	110.9	0.0	2.2	2.2	0.000	0.4987336908	0.2208624972	0.627	0.092
20160120	0.5855142643	1.637	1.3	-12.0	0.00	0.91	41.3	1.00	110.9	0.0	1.6	2.2	0.000	0.3638303489	0.2216839154	0.510	0.075
20160121	0.4763318355	1.556	0.8	-13.8	0.00	0.90	41.7	1.00	110.9	0.0	1.1	2.3	0.000	0.2539003435	0.2224314919	0.415	0.062
20160122	0.3874324699	1.458	0.0	-11.8	0.00	1.01	41.7	1.00	110.9	0.0	0.7	2.3	0.000	0.164320605	0.2231118649	0.337	0.050
20160123	0.3150549630	1.383	0.0	-11.0	0.00	1.07	41.7	1.00	110.9	0.0	0.4	2.3	0.000	0.0913238874	0.2237310756	0.274	0.041
20160124	0.2561349606	1.268	0.0	-10.1	0.00	0.98	41.7	1.00	110.9	0.0	0.1	2.3	0.000	0.0318403384	0.2242946222	0.223	0.033
20160125	0.2167311233	1.172	0.0	-6.0	0.00	1.19	41.7	1.00	110.9	0.0	0.0	2.2	0.000	0.000	0.2167311233	0.188	0.028
20160126	0.1972480233	1.156	1.8	-1.8	0.00	0.78	42.7	1.00	110.9	0.0	0.0	2.0	0.000	0.000	0.1972480233	0.171	0.026
20160127	0.1795163616	1.149	0.8	-5.7	0.00	1.47	43.2	1.00	110.9	0.0	0.0	1.8	0.000	0.000	0.1795163616	0.156	0.024
20160128	0.1633786921	1.122	0.3	-6.9	0.00	1.33	43.4	1.00	110.9	0.0	0.0	1.7	0.000	0.000	0.1633786921	0.142	0.021
20160129	0.1486917226	1.065	0.0	-3.2	0.00	1.00	43.4	1.00	110.9	0.0	0.0	1.5	0.000	0.000	0.1486917226	0.129	0.019
20160130	0.1353250420	1.028	0.0	-4.9	0.00	1.16	43.4	1.00	110.9	0.0	0.0	1.4	0.000	0.000	0.135325042	0.118	0.018
20160131	0.1231599625	0.987	0.0	-0.2	0.00	0.95	43.4	1.00	110.9	0.0	0.0	1.2	0.000	0.000	0.1231599625	0.107	0.016
20160201	0.1120884661	1.314	0.0	2.1	0.00	0.76	43.4	1.00	110.9	0.0	0.0	1.1	0.000	0.000	0.1120884661	0.097	0.015
20160202	0.1020122446	1.256	0.0	-3.8	0.00	0.85	43.4	1.00	110.9	0.0	0.0	1.0	0.000	0.000	0.1020122446	0.089	0.013
20160203	0.0928418277	1.980	11.4	-1.8	0.00	0.43	49.8	1.00	110.9	0.0	0.0	0.9	0.000	0.000	0.0928418277	0.081	0.012
20160204	0.0844957877	2.251	0.5	1.2	0.00	0.93	50.1	1.00	110.9	0.0	0.0	0.9	0.000	0.000	0.0844957877	0.073	0.011
20160205	0.0769000171	1.600	0.3	-5.4	0.00	0.87	50.2	1.00	110.9	0.0	0.0	0.8	0.000	0.000	0.0769000171	0.067	0.010
20160206	0.0699870703	1.293	0.0	-5.5	0.00	0.98	50.2	1.00	110.9	0.0	0.0	0.7	0.000	0.000	0.0699870703	0.061	0.009
20160207	0.0636955647	1.158	0.0	-3.7	0.00	0.48	50.2	1.00	110.9	0.0	0.0	0.6	0.000	0.000	0.0636955647	0.055	0.008
20160208	0.0579696355	1.029	1.5	-7.1	0.00	0.79	51.1	1.00	110.9	0.0	0.0	0.6	0.000	0.000	0.0579696355	0.050	0.008
20160209	0.0527584402	0.916	3.3	-6.8	0.00	0.50	52.9	1.00	110.9	0.0	0.0	0.5	0.000	0.000	0.0527584402	0.046	0.007
20160210	0.0480157067	0.894	1.0	-4.8	0.00	0.54	53.5	1.00	110.9	0.0	0.0	0.5	0.000	0.000	0.0480157067	0.042	0.006
20160211	0.0436993224	0.871	1.0	-14.5	0.00	0.30	54.1	1.00	110.9	0.0	0.0	0.4	0.000	0.000	0.0436993224	0.038	0.006
20160212	0.0397709606	0.845	0.0	-16.6	0.00	0.35	54.1	1.00	110.9	0.0	0.0	0.4	0.000	0.000	0.0397709606	0.035	0.005
20160213	0.0361957399	0.838	1.3	-21.1	0.00	0.49	54.8	1.00	110.9	0.0	0.0	0.4	0.000	0.000	0.0361957399	0.031	0.005
20160214	0.0329419145	0.830	0.0	-25.3	0.00	0.67	54.8	1.00	110.9	0.0	0.0	0.3	0.000	0.000	0.0329419145	0.029	0.004
20160215	0.0299805926	0.823	0.0	-17.7	0.00	0.30	54.8	1.00	110.9	0.0	0.0	0.3	0.000	0.000	0.0299805926	0.026	0.004
20160216	0.0272854796	3.469	29.7	-1.9	0.00	0.39	71.5	1.00	110.9	0.0	0.0	0.3	0.000	0.000	0.0272854796	0.024	0.004
20160217	0.0248326444	3.215	0.0	-4.7	0.00	1.21	71.5	1.00	110.9	0.0	0.0	0.3	0.000	0.000	0.0248326444	0.022	0.003
20160218	0.0226003074	1.557	0.0	-10.4	0.00	1.16	71.5	1.00	110.9	0.0	0.0	0.2	0.000	0.000	0.0226003074	0.020	0.003
20160219	0.0205686470	1.329	4.8	-8.5	0.00	1.58	74.2	1.00	110.9	0.0	0.0	0.2	0.000	0.000	0.020568647	0.018	0.003
20160220	0.0187196232	1.221	11.2	-0.5	0.00	0.87	80.6	1.00	110.9	0.0	0.0	0.2	0.000	0.000	0.0187196232	0.016	0.002
20160221	0.0170368178	1.322	2.3	-2.5	0.00	1.11	81.9	1.00	110.9	0.0	0.0	0.2	0.000	0.000	0.0170368178	0.015	0.002
20160222	0.0155052887	1.223	0.3	-10.1	0.00	1.45	82.0	1.00	110.9	0.0	0.0	0.2	0.000	0.000	0.0155052887	0.013	0.002
20160223	0.0141114368	1.108	0.0	-9.6	0.00	1.00	82.0	1.00	110.9	0.0	0.0	0.1	0.000	0.000	0.0141114368	0.012	0.002
20160224	0.0128428856	2.554	32.5	-1.9	0.00	0.34	100.3	1.00	110.9	0.0	0.0	0.1	0.000	0.000	0.0128428856	0.011	0.002
20160225	3.0069440988	13.910	28.7	1.6	0.00	0.41	109.1	1.00	114.5	16.3	13.1	0.3	0.000	2.9745798186	0.0323642802	2.669	0.338
20160226	2.4314780884	5.036	1.0	-9.5	0.00	1.30	109.7	1.00	114.5	0.0	10.5	0.5	0.000	2.3813472944	0.050130794	2.158	0.273
20160227	1.9642342886	3.619	0.0	-8.6	0.00	1.37	109.7	1.00	114.5	0.0	8.4	0.7	0.000	1.8979341061	0.0663001825	1.744	0.221
20160228	1.5850264938	3.085	1.0	1.4	0.00	1.26	110.7	1.00	114.5	0.0	6.6	0.8	0.000	1.5040104741	0.0810160197	1.407	0.178
20160229	1.8148466552	3.157	4.8	1.7	0.00	1.26	112.0	1.00	115.1	2.9	7.6	1.0	0.000	1.7204376824	0.0944089729	1.610	0.205
20160301	1.4659701907	2.891	0.3	-7.6	0.00	0.66	112.2	1.00	115.1	0.0	6.0	1.1	0.000	1.3593722276	0.1065979631	1.301	0.165
20160302	1.1828385105	2.560	13.7	-7.6	0.00	0.59	119.9	1.00	115.1	0.0	4.7	1.2	0.000	1.0651472896	0.1176912209	1.049	0.133
20160303	0.9531765846	2.368	0.3	-14.5	0.00	0.69	120.1	1.00	115.1	0.0	3.6	1.3	0.000	0.8253893371	0.1277872475	0.846	0.107
20160304	0.7669911189	2.204	0.0	-13.0	0.00	0.48	120.1	1.00	115.1	0.0	2.8	1.4	0.000	0.6300154298	0.1369756891	0.681	0.086
20160305	0.6161473168	1.984	0.0	-10.4	0.00	0.90	120.1	1.00	115.1	0.0	2.1	1.5	0.000	0.4708091833	0.1453381335	0.547	0.069
20160306	0.4940240662	1.821	0.0	-5.6	0.00	0.94	120.1	1.00	115.1	0.0	1.5	1.5	0.000	0.3410752324	0.1529488337	0.438	0.056
20160307	0.3952330273	1.791	2.8	-3.1	0.00	0.21	121.7	1.00	115.1	0.0	1.0	1.6	0.000	0.2353576592	0.1598753681	0.351	0.045
20160308	0.3153897864	1.792	0.0	3.1	0.00	1.15	121.7	1.00	115.1	0.0	0.7	1.7	0.000	0.1492105465	0.1661792399	0.280	0.036
20160309	4.6365920836	3.496	0.0	8.8	0.00	1.18	94.3	1.00	118.7	23.7	19.7	1.7	0.000	4.46467566	0.1719164235	3.367	1.269
20160310	8.4707761693	9.592	15.5	4.1	0.00	0.54	82.3	1.00	121.4	24.8	36.0	1.8	0.0996056798	8.194032628	0.1771378616	5.868	2.603
20160311	6.7980247378	8.586	1.5	-0.8	0.00	0.70	83.1	1.00	121.4	0.0	29.1	1.8	0.000	6.6161348207	0.1818899171	4.712	2.086
20160312	6.9210789622	6.622	0.0	3.3	0.00	1.08	75.0	1.00	122.1	7.5	29.6	1.9	0.000	6.7348641768	0.1862147854	4.721	2.200
20160313	6.5391127616	6.679	0.0	2.5	0.00	1.41	69.7	1.00	122.5	4.9	27.9	1.9	0.000	6.3489618931	0.1901508685	4.403	2.137
20160314	5.3247961299	5.417	4.8	-1.4	0.00	0.45	72.4	1.00	122.5	0.0	22.6	2.0	0.000	5.1310630135	0.1937331164	3.587	1.737
20160315	5.9117244696	5.389	1.3	3.3	0.00	0.27	64.6	1.00	123.1	8.5	25.2	2.0	0.000	5.7147311324	0.1969933372	3.840	2.072
20160316	11.1451359450	7.689	5.8	7.0	0.00	1.05	40.3	1.00	124.7	28.5	42.5	2.0	1.0575419547	9.8876335106	0.1999604797	6.402	4.744
20160317	13.4446814426	8.940	1.3	5.7	0.00	0.99	21.7	1.00	125.5	19.1	48.1	2.1	1.8873365592	11.3546839933	0.2026608901	7.208	6.237
20160318	9.5425688308	6.288	1.8	-2.7	0.00	0.98	22.7	1.00	125.5	0.0	38.5	2.1	0.4767097131	8.8607405713	0.2051185464	5.124	4.419
20160319	7.2969673313	5.130	0.5	-6.2	0.00	1.17	23.0	1.00	125.5	0.0	31.2	2.1	0.000	7.0896120603	0.207355271	3.923	3.374
20160320	5.9439947828	4.577	0.0	-4.3	0.00	1.31	23.0	1.00	125.5	0.0	25.2	2.1	0.000	5.734603858	0.2093909248	3.199	2.745
20160321	4.8416786565	4.244	0.0	-1.1	0.00	1.21	23.0	1.00	125.5	0.0	20.4	2.1	0.000	4.6304350737	0.2112435829	2.608	2.233
20160322	3.9435999545	3.701	0.0	-2.4	0.00	1.13	23.0	1.00	125.5	0.0	16.4	2.2	0.000	3.7306702587	0.2129296958	2.127	1.816
20160323	3.2119343403	3.568	1.5	0.0	0.00	0.99	23.8	1.00	125.5	0.0	13.2	2.2	0.000	2.9974701051	0.2144642352	1.735	1.477
20160324	2.6158609527	3.266	4.1	-3.1	0.00	0.38	26.1	1.00	125.5	0.0	10.6	2.2	0.000	2.400000126	0.2158608268	1.415	1.201
20160325	2.1302657928	3.635	5.8	-0.2	0.00	0.43	29.4	1.00	125.5	0.0	8.4	2.2	0.000	1.9131339214	0.2171318714	1.154	0.976
20160326	1.7346851514	3.523	0.0	1.2	0.00	1.24	29.4	1.00	125.5	0.0	6.7	2.2	0.000	1.5163964962	0.2182886551	0.942	0.793
20160327	3.2296775094	3.342	0.0	4.4	0.00	0.50	19.2	1.00	125.9	9.8	13.3	2.2	0.000	3.0103360599	0.2193414495	1.524	1.705
20160328	5.2030363076	4.481	13.7	1.4	0.00	0.26	18.6	1.00	126.3	13.9	21.9	2.2	0.000	4.982736705	0.2202996026	2.428	2.775
20160329	4.2389253565	4.507	4.1	-2.0	0.00	0.93	20.9	1.00	126.3	0.0	17.7	2.2	0.000	4.0177537341	0.2211716223	1.981	2.258
20160330	3.4533738757	3.464	0.0	1.4	0.00	1.91	20.9	1.00	126.3	0.0	14.2	2.2	0.000	3.2314086241	0.2219652516	1.616	1.837
20160331	6.5973201699	3.409	0.0	7.2	0.00	1.40	0.0	0.00	126.8	20.4	28.1	2.3	0.000	6.3746326325	0.2226875374	2.837	3.761
20160401	9.9563695069	7.248	21.8	7.6	0.60	0.60	0.0	0.00	126.6	21.4	39.5	2.3	0.6196211554	9.1134034584	0.2233448931	4.531	5.426
20160402	7.9090239838	5.250	2.3	2.7	0.74	0.74	0.0	0.00	125.9	2.2	33.8	2.3	0.000	7.6850808281	0.2239431556	3.620	4.289
20160403	6.4443269532	4.035	1.3	-6.6	1.20	1.20	0.7	1.00	124.7	0.0	27.4	2.3	0.000	6.219839316	0.2244876372	2.951	3.493
20160404	5.2508268089	3.379	0.0	-8.6	0.00	0.39	0.7	1.00	124.7	0.0	22.1	2.3	0.000	5.0258436364	0.2249831725	2.406	2.845
20160405	4.2783148624	3.052	0.0	-7.8	0.00	0.79	0.7	1.00	124.7	0.0	17.8	2.3	0.000	4.0528807009	0.2254341615	1.962	2.317
20160406	3.4858774877	2.841	3.8	-3.6	0.00	0.60	2.9	1.00	124.7	0.0	14.4	2.3	0.000	3.260032879	0.2258446087	1.600	1.886
20160407	6.0133980061	4.811	15.0	2.8	0.00	0.22	0.0	0.00	125.4	17.1	25.5	2.3	0.000	5.7871798474	0.2262181587	3.019	2.994
20160408	4.8998363126	5.221	8.4	-1.8	0.75	0.75	4.7	1.00	124.7	0.0	20.6	2.3	0.000	4.6732781843	0.2265581283	2.460	2.439
20160409	3.9924497794	3.752	0.5	-3.8	0.00	1.57	5.0	1.00	124.7	0.0	16.6	2.3	0.000	3.7655822432	0.2268675362	2.005	1.988
20160410	3.2530683052	3.241	0.5	-4.4	0.00	1.86	5.3	1.00	124.7	0.0	13.3	2.3	0.000	3.0259191753	0.2271491299	1.634	1.619
20160411	2.6505881076	3.349	7.6	-0.1	0.00	1.22	9.6	1.00	124.7	0.0	10.7	2.3	0.000	2.423182698	0.2274054096	1.331	1.319
20160412	5.2809735594	6.278	13.7	2.4	0.00	0.54	5.7	1.00	125.4	16.9	22.2	2.3	0.000	5.0533349085	0.2276386509	2.855	2.426
20160413	4.7299296883	3.992	0.3	1.8	0.00	1.57	3.6	1.00	125.5	2.3	19.8	2.3	0.000	4.5020787633	0.227850925	2.565	2.165
20160414	4.4971054826	3.437	0.0	3.2	0.00	1.95	0.0	0.00	125.6	3.5	18.8	2.3	0.000	4.269061366	0.2280441167	2.441	2.056
20160415	3.6644140729	3.153	0.0	5.3	2.10	2.10	0.0	0.00	123.5	0.0	15.1	2.3	0.000	3.4361941316	0.2282199413	1.988	1.676
20160416	2.9858874239	2.927	0.0	7.0	2.40	2.40	0.0	0.00	121.1	0.0	12.1	2.3	0.000	2.7575074637	0.2283799601	1.620	1.366
20160417	2.4329850158	2.740	0.0	10.8	2.57	2.57	0.0	0.00	118.5	0.0	9.7	2.3	0.000	2.2044594218	0.228525594	1.319	1.114
20160418	2.5727558834	2.715	3.6	10.4	2.28	2.28	0.0	0.00	116.7	3.2	10.3	2.3	0.000	2.3440977473	0.2286581361	1.405	1.168
20160419	3.7387977360	4.629	10.2	6.7	1.35	1.35	0.0	0.00	116.7	8.9	15.5	2.3	0.000	3.5100189727	0.2287787633	2.122	1.617
20160420	3.0465543806	3.092	0.0	5.4	1.83	1.83	0.0	0.00	114.8	0.0	12.4	2.3	0.000	2.8176658339	0.2288885467	1.728	1.319
20160421	2.4824697223	2.674	0.0	10.2	1.76	1.76	0.0	0.00	113.1	0.0	9.9	2.3	0.000	2.2534812612	0.2289884611	1.407	1.075
20160422	2.2513999635	2.642	1.5	14.9	1.26	1.26	0.0	0.00	112.1	1.2	8.9	2.3	0.000	2.0223205699	0.2290793936	1.283	0.968
20160423	1.9096482807	2.532	0.5	4.9	2.25	2.25	0.0	0.00	109.9	0.4	7.4	2.3	0.000	1.6804861289	0.2291621518	1.090	0.820
20160424	1.5560539849	2.301	0.0	3.5	2.32	2.32	0.0	0.00	107.6	0.0	5.8	2.3	0.000	1.3268165145	0.2292374704	0.887	0.669
20160425	1.2679243155	2.157	0.0	3.5	1.46	1.46	0.0	0.00	106.1	0.0	4.6	2.3	0.000	1.0386182973	0.2293060182	0.722	0.545
20160426	1.0331398016	2.213	8.1	0.2	0.33	0.33	4.6	1.00	105.8	0.0	3.5	2.3	0.000	0.8037713977	0.2293684038	0.588	0.445
20160427	0.8418245895	2.759	0.5	1.0	0.00	1.39	4.8	1.00	105.8	0.0	2.7	2.3	0.000	0.6123994081	0.2294251813	0.479	0.363
20160428	0.6859310983	2.361	0.0	1.1	0.00	2.27	4.8	1.00	105.8	0.0	2.0	2.3	0.000	0.4564542435	0.2294768548	0.390	0.296
20160429	1.2305461090	2.071	0.0	4.6	0.00	2.26	0.0	0.00	107.0	3.6	4.4	2.3	0.000	1.001022226	0.2295238831	0.704	0.527
20160430	1.0027018032	1.902	0.0	7.3	2.08	2.08	0.0	0.00	104.9	0.0	3.4	2.3	0.000	0.7731351194	0.2295666837	0.573	0.430
20160501	1.6958501936	2.001	6.4	6.4	0.81	0.81	0.0	0.00	105.8	4.7	6.5	2.3	0.000	1.4662445568	0.2296056368	0.994	0.702
20160502	3.4966876902	3.685	15.0	4.2	0.46	0.46	0.0	0.00	108.9	11.4	14.4	2.3	0.000	3.267046602	0.2296410882	2.183	1.314
20160503	2.8924844173	2.943	0.3	5.1	1.36	1.36	0.0	0.00	107.6	0.2	11.7	2.3	0.000	2.6628110647	0.2296733527	1.806	1.087
20160504	2.3569959578	2.463	0.0	5.2	1.64	1.64	0.0	0.00	105.9	0.0	9.4	2.3	0.000	2.1272932411	0.2297027167	1.470	0.887
20160505	1.9206400364	2.270	0.0	8.3	0.94	0.94	0.0	0.00	105.0	0.0	7.4	2.3	0.000	1.6909105953	0.2297294411	1.197	0.724
20160506	1.5650649644	1.994	0.0	12.7	1.66	1.66	0.0	0.00	103.4	0.0	5.9	2.3	0.000	1.3353112014	0.229753763	0.974	0.591
20160507	1.2753163444	1.875	0.0	13.0	1.15	1.15	0.0	0.00	102.2	0.0	4.6	2.3	0.000	1.0455404459	0.2297758986	0.793	0.482
20160508	3.6973751279	3.494	19.6	4.1	0.82	0.82	0.0	0.00	106.6	14.4	15.3	2.3	0.000	3.4675790836	0.2297960442	2.524	1.174
20160509	3.0825294407	2.563	0.5	2.3	1.58	1.58	0.0	0.00	105.2	0.4	12.6	2.3	0.000	2.8527150618	0.2298143789	2.104	0.979
20160510	2.5118732336	2.120	0.0	6.9	2.74	2.74	0.0	0.00	102.4	0.0	10.0	2.3	0.000	2.2820421683	0.2298310653	1.713	0.799
20160511	2.0468586187	1.923	0.0	9.7	3.02	3.02	0.0	0.00	99.4	0.0	8.0	2.3	0.000	1.8170123669	0.2298462518	1.394	0.653
20160512	1.6679290582	1.807	0.0	14.9	3.24	3.24	0.0	0.00	96.2	0.0	6.3	2.3	0.000	1.4380689852	0.229860073	1.134	0.534
20160513	2.7927023773	2.636	11.7	14.3	1.60	1.60	0.0	0.00	98.5	7.7	11.3	2.3	0.000	2.5628297256	0.2298726518	1.983	0.809
20160514	3.5256716496	2.615	9.9	13.1	1.83	1.83	0.0	0.00	99.9	6.8	14.5	2.3	0.000	3.2957875498	0.2298840998	2.569	0.957
20160515	4.4113845022	4.502	11.9	4.6	0.95	0.95	0.0	0.00	102.5	8.3	18.4	2.3	0.000	4.1814899835	0.2298945187	3.305	1.107
20160516	3.5947379838	3.117	4.3	1.0	2.19	2.19	2.4	1.00	100.3	0.0	14.8	2.3	0.000	3.3648339828	0.2299040009	2.691	0.904
20160517	3.2378623471	2.596	0.0	6.2	0.00	3.44	0.0	0.00	101.1	1.7	13.2	2.3	0.000	3.0079497163	0.2299126308	2.428	0.810
20160518	2.6384602341	2.360	0.0	8.0	4.01	4.01	0.0	0.00	97.1	0.0	10.6	2.3	0.000	2.4085397492	0.2299204849	1.977	0.662
20160519	2.6489567905	2.355	4.1	11.3	2.39	2.39	0.0	0.00	96.1	2.7	10.6	2.3	0.000	2.4190291576	0.2299276329	1.998	0.651
20160520	2.1942158683	2.305	0.3	12.5	3.39	3.39	0.0	0.00	92.8	0.2	8.6	2.3	0.000	1.9642817299	0.2299341384	1.654	0.540
20160521	1.7880158701	2.031	0.0	14.4	2.86	2.86	0.0	0.00	89.9	0.0	6.9	2.3	0.000	1.5580758111	0.229940059	1.347	0.441
20160522	1.9796472817	1.966	4.8	15.5	1.40	1.40	0.0	0.00	90.5	2.8	7.7	2.3	0.000	1.7497018343	0.2299454474	1.510	0.470
20160523	1.6131693446	1.738	0.0	12.0	3.32	3.32	0.0	0.00	87.2	0.0	6.1	2.3	0.000	1.3832189932	0.2299503514	1.229	0.385
20160524	1.3965066250	1.604	0.8	16.3	1.74	1.74	0.0	0.00	85.8	0.4	5.1	2.3	0.000	1.1665518104	0.2299548146	1.065	0.332
20160525	1.1679799332	1.513	0.3	17.8	2.24	2.24	0.0	0.00	83.7	0.2	4.1	2.3	0.000	0.9380210566	0.2299588766	0.890	0.278
20160526	0.9517593139	1.334	0.0	17.9	2.73	2.73	0.0	0.00	81.0	0.0	3.2	2.3	0.000	0.7217967405	0.2299625734	0.724	0.227
20160527	1.0810898687	1.211	3.3	21.3	2.72	2.72	0.0	0.00	79.9	1.7	3.7	2.3	0.000	0.8511239308	0.2299659378	0.834	0.247
20160528	0.8809550297	1.060	0.0	22.8	3.53	3.53	0.0	0.00	76.4	0.0	2.9	2.3	0.000	0.6509860298	0.2299689999	0.679	0.202
20160529	0.8016238616	0.969	1.0	21.1	1.31	1.31	0.0	0.00	75.6	0.5	2.5	2.3	0.000	0.571652075	0.2299717866	0.619	0.182
20160530	0.8865846891	1.100	2.8	19.6	1.68	1.68	0.0	0.00	75.5	1.3	2.9	2.3	0.000	0.6566103662	0.2299743229	0.693	0.194
20160531	0.8463083986	0.970	1.5	18.1	3.02	3.02	0.0	0.00	73.3	0.7	2.7	2.3	0.000	0.6163317674	0.2299766311	0.664	0.182
20160601	0.6896373755	0.807	0.0	16.9	4.97	4.97	0.0	0.00	68.3	0.0	2.0	2.3	0.000	0.4596586436	0.2299787319	0.540	0.149
20160602	0.5619695269	0.697	0.0	17.8	4.00	4.09	0.0	0.00	64.3	0.0	1.5	2.3	0.000	0.3319888831	0.2299806438	0.439	0.123
20160603	0.5223991877	0.686	1.0	18.2	3.02	3.26	0.0	0.00	61.9	0.3	1.3	2.3	0.000	0.2924168039	0.2299823838	0.410	0.113
20160604	0.4256908571	0.582	0.0	17.8	3.38	3.81	0.0	0.00	58.6	0.0	0.9	2.3	0.000	0.1957068897	0.2299839674	0.333	0.093
20160605	5.0462612127	6.100	56.9	14.7	0.78	0.78	0.0	0.00	89.3	25.4	21.2	2.3	0.000	4.816275804	0.2299854087	4.534	0.512
20160606	4.2183926068	3.323	1.0	15.8	2.92	2.92	0.0	0.00	86.8	0.6	17.6	2.3	0.000	3.9884058864	0.2299867204	3.789	0.430
20160607	3.4883891914	1.761	0.5	15.3	4.05	4.05	0.0	0.00	83.0	0.3	14.3	2.3	0.000	3.2584012772	0.2299879141	3.131	0.357
20160608	2.9664570302	1.497	1.3	9.7	5.54	5.54	0.0	0.00	78.1	0.7	12.0	2.3	0.000	2.7364680296	0.2299890006	2.662	0.304
20160609	2.7066706811	1.494	3.3	6.3	3.05	3.05	0.0	0.00	76.8	1.6	10.9	2.3	0.000	2.4766806917	0.2299899894	2.432	0.275
20160610	2.2309323245	1.334	0.3	9.3	4.67	4.67	0.0	0.00	72.3	0.1	8.8	2.3	0.000	2.0009414352	0.2299908893	2.003	0.228
20160611	1.8795154866	1.261	0.8	9.1	3.80	3.80	0.0	0.00	68.9	0.3	7.3	2.3	0.000	1.6495237783	0.2299917083	1.687	0.193
20160612	1.7346623418	1.317	2.8	9.7	4.86	4.86	0.0	0.00	65.8	1.1	6.6	2.3	0.000	1.5046698881	0.2299924537	1.559	0.175
20160613	2.1551705628	2.320	10.4	10.4	4.63	4.68	0.0	0.00	67.5	4.0	8.5	2.3	0.000	1.9251774307	0.2299931321	1.959	0.196
20160614	1.7562042579	1.758	0.0	12.6	6.11	6.32	0.0	0.00	61.4	0.0	6.7	2.3	0.000	1.5262105084	0.2299937495	1.595	0.162
20160615	1.4491214095	1.105	0.3	15.9	5.26	5.96	0.0	0.00	56.4	0.1	5.4	2.3	0.000	1.2191270981	0.2299943114	1.315	0.134
20160616	1.1808591922	0.865	0.0	16.6	3.00	3.72	0.0	0.00	53.4	0.0	4.2	2.3	0.000	0.9508643694	0.2299948227	1.070	0.111
20160617	0.9622577846	0.704	0.0	16.2	4.03	5.27	0.0	0.00	49.3	0.0	3.2	2.3	0.000	0.7322624964	0.2299952882	0.871	0.091
20160618	0.7841239621	0.610	0.0	17.3	3.27	4.63	0.0	0.00	46.1	0.0	2.4	2.3	0.000	0.5541282504	0.2299957117	0.709	0.075
20160619	0.6389663526	0.522	0.0	19.1	3.01	4.57	0.0	0.00	43.0	0.0	1.8	2.3	0.000	0.4089702554	0.2299960972	0.576	0.062
20160620	0.5206803886	0.444	0.0	21.6	3.45	5.59	0.0	0.00	39.6	0.0	1.3	2.3	0.000	0.2906839405	0.2299964481	0.469	0.052
20160621	0.5398971151	0.435	3.6	15.9	2.93	4.97	0.0	0.00	39.6	0.6	1.4	2.3	0.000	0.3099003478	0.2299967674	0.489	0.051
20160622	0.8017082882	0.963	10.2	12.2	2.23	3.56	0.0	0.00	45.7	2.0	2.5	2.3	0.000	0.5717112302	0.229997058	0.741	0.061
20160623	0.6724203330	0.691	0.5	14.6	2.77	4.22	0.0	0.00	43.3	0.1	1.9	2.3	0.000	0.4424230106	0.2299973224	0.621	0.052
20160624	0.5585195068	0.455	0.3	15.6	3.06	4.93	0.0	0.00	40.5	0.1	1.4	2.3	0.000	0.3285219436	0.2299975631	0.515	0.044
20160625	0.4551260202	0.358	0.0	17.6	3.26	5.62	0.0	0.00	37.2	0.0	1.0	2.3	0.000	0.225128238	0.2299977822	0.419	0.036
20160626	0.3708727796	0.298	0.0	20.3	2.90	5.45	0.0	0.00	34.3	0.0	0.6	2.3	0.000	0.140874798	0.2299979816	0.340	0.030
20160627	0.3022165365	0.269	0.0	19.1	1.74	3.55	0.0	0.00	32.6	0.0	0.3	2.3	0.000	0.0722183734	0.229998163	0.277	0.026
20160628	2.9572910183	3.820	54.6	20.2	2.77	3.68	0.0	0.00	69.7	14.6	12.0	2.3	0.000	2.7272926901	0.2299983282	2.884	0.073
20160629	2.9090540570	2.979	6.6	17.6	2.80	2.80	0.0	0.00	70.8	2.7	11.8	2.3	0.000	2.6790555786	0.2299984784	2.840	0.069
20160630	2.3929354914	1.099	0.3	17.5	4.28	4.28	0.0	0.00	66.7	0.1	9.5	2.3	0.000	2.1629368762	0.2299986152	2.335	0.058
20160701	2.9931079557	1.314	14.0	17.4	3.87	3.87	0.0	0.00	71.2	5.6	12.2	2.3	0.000	2.763109216	0.2299987397	2.930	0.063
20160702	2.5372212071	1.384	1.3	12.2	5.70	5.70	0.0	0.00	66.3	0.5	10.2	2.3	0.000	2.3072223541	0.229998853	2.483	0.054
20160703	2.0675301473	0.835	0.0	14.7	7.20	7.57	0.0	0.00	59.1	0.0	8.1	2.3	0.000	1.8375311912	0.2299989561	2.022	0.045
20160704	1.6847884101	0.568	0.0	18.0	6.18	7.29	0.0	0.00	52.9	0.0	6.4	2.3	0.000	1.4547893601	0.22999905	1.647	0.038
20160705	1.3728999168	0.459	0.0	19.2	5.69	7.50	0.0	0.00	47.2	0.0	5.0	2.3	0.000	1.1429007814	0.2299991354	1.341	0.032
20160706	1.1187482985	0.367	0.0	20.8	4.59	6.78	0.0	0.00	42.7	0.0	3.9	2.3	0.000	0.8887490854	0.2299992131	1.092	0.027
20160707	1.1060174835	0.558	5.3	21.9	2.95	4.60	0.0	0.00	43.9	1.0	3.9	2.3	0.000	0.8760181997	0.2299992838	1.081	0.025
20160708	0.9012712143	0.531	0.0	18.5	2.41	3.83	0.0	0.00	41.5	0.0	3.0	2.3	0.000	0.6712718661	0.2299993482	0.880	0.021
20160709	1.5793109608	1.310	19.8	14.5	2.79	3.97	0.0	0.00	54.0	4.6	5.9	2.3	0.000	1.349311554	0.2299994068	1.555	0.025
20160710	1.5766938901	1.557	5.6	13.9	3.13	3.90	0.0	0.00	54.9	1.6	5.9	2.3	0.000	1.34669443	0.2299994601	1.554	0.023
20160711	1.3612710629	0.989	1.5	16.3	4.30	5.42	0.0	0.00	51.7	0.4	5.0	2.3	0.000	1.1312715543	0.2299995087	1.341	0.020
20160712	1.1092722161	0.587	0.0	18.2	4.88	6.59	0.0	0.00	46.8	0.0	3.9	2.3	0.000	0.8792726633	0.2299995528	1.093	0.017
20160713	0.9039234557	0.423	0.0	20.7	2.75	4.10	0.0	0.00	44.0	0.0	3.0	2.3	0.000	0.6739238627	0.229999593	0.890	0.014
20160714	1.3213959688	1.181	13.7	21.2	1.20	1.69	0.0	0.00	53.4	3.2	4.8	2.3	0.000	1.0913963392	0.2299996296	1.306	0.015
20160715	1.1649693635	0.906	1.8	20.1	3.84	4.96	0.0	0.00	50.9	0.5	4.1	2.3	0.000	0.9349697006	0.2299996629	1.152	0.013
20160716	0.9628375707	0.570	0.3	18.0	4.46	6.11	0.0	0.00	46.6	0.1	3.2	2.3	0.000	0.7328378775	0.2299996932	0.951	0.011
20160717	0.7845968376	0.428	0.0	19.4	3.13	4.68	0.0	0.00	43.5	0.0	2.4	2.3	0.000	0.5545971168	0.2299997208	0.775	0.010
20160718	0.9477883327	0.633	7.9	19.4	3.51	5.25	0.0	0.00	46.2	1.7	3.2	2.3	0.000	0.7177885868	0.2299997459	0.938	0.010
20160719	0.7840288727	0.613	0.3	13.6	4.14	6.23	0.0	0.00	42.3	0.1	2.4	2.3	0.000	0.554029104	0.2299997687	0.776	0.008
20160720	0.6491137963	0.380	0.3	14.8	3.68	6.04	0.0	0.00	38.9	0.1	1.8	2.3	0.000	0.4191140068	0.2299997895	0.642	0.007
20160721	0.5289496868	0.275	0.0	17.9	3.97	7.11	0.0	0.00	34.9	0.0	1.3	2.3	0.000	0.2989498784	0.2299998084	0.523	0.006
20160722	1.2968646304	0.601	23.6	21.6	3.63	5.71	0.0	0.00	50.2	4.7	4.7	2.3	0.000	1.0668648047	0.2299998257	1.289	0.008
20160723	2.6015269500	4.040	26.9	18.9	4.65	5.45	0.0	0.00	64.1	8.3	10.4	2.3	0.000	2.3715271086	0.2299998413	2.592	0.009
20160724	2.1391864464	1.577	0.3	17.2	4.06	4.41	0.0	0.00	60.3	0.1	8.4	2.3	0.000	1.9091865908	0.2299998556	2.131	0.008
20160725	1.7431797649	0.897	0.0	18.4	3.79	4.39	0.0	0.00	56.5	0.0	6.7	2.3	0.000	1.5131798964	0.2299998686	1.737	0.007
20160726	1.4363463818	0.690	0.3	19.1	4.66	5.75	0.0	0.00	52.0	0.1	5.3	2.3	0.000	1.2063465014	0.2299998804	1.431	0.006
20160727	1.1844506300	0.491	0.3	20.4	3.64	4.87	0.0	0.00	48.6	0.1	4.2	2.3	0.000	0.9544507389	0.2299998911	1.180	0.005
20160728	0.9651848573	0.399	0.0	20.5	4.54	6.51	0.0	0.00	44.1	0.0	3.2	2.3	0.000	0.7351849564	0.2299999009	0.961	0.004
20160729	0.7865096138	0.343	0.0	18.9	3.19	5.05	0.0	0.00	40.9	0.0	2.4	2.3	0.000	0.5565097039	0.2299999098	0.783	0.004
20160730	0.6409107717	0.270	0.0	16.7	4.26	7.27	0.0	0.00	36.6	0.0	1.8	2.3	0.000	0.4109108537	0.2299999179	0.638	0.003
20160731	0.5222652202	0.238	0.0	16.6	1.64	3.12	0.0	0.00	35.0	0.0	1.3	2.3	0.000	0.2922652948	0.2299999253	0.520	0.003
20160801	1.6539183004	2.084	30.5	14.8	2.69	4.00	0.0	0.00	56.2	6.6	6.3	2.3	0.000	1.4239183683	0.229999932	1.650	0.003
20160802	1.3477445726	0.970	0.0	17.0	3.57	4.43	0.0	0.00	52.6	0.0	4.9	2.3	0.000	1.1177446345	0.2299999381	1.345	0.003
20160803	1.0982497936	0.535	0.0	18.0	4.82	6.39	0.0	0.00	47.8	0.0	3.8	2.3	0.000	0.8682498499	0.2299999437	1.096	0.003
20160804	0.8949415437	0.368	0.0	18.8	3.98	5.81	0.0	0.00	43.8	0.0	2.9	2.3	0.000	0.664941595	0.2299999488	0.893	0.002
20160805	0.7292697625	0.267	0.0	20.7	2.65	4.22	0.0	0.00	41.2	0.0	2.2	2.3	0.000	0.4992698091	0.2299999534	0.727	0.002
20160806	0.6040636697	0.226	0.3	19.6	3.67	6.21	0.0	0.00	37.7	0.1	1.6	2.3	0.000	0.3740637121	0.2299999576	0.602	0.002
20160807	0.5657148595	0.195	2.5	16.7	3.00	5.39	0.0	0.00	36.8	0.4	1.5	2.3	0.000	0.3357148981	0.2299999614	0.564	0.002
20160808	0.4609895960	0.163	0.0	16.7	3.43	6.51	0.0	0.00	33.4	0.0	1.0	2.3	0.000	0.2309896312	0.2299999648	0.460	0.001
20160809	0.3756510968	0.125	0.0	16.7	3.08	6.43	0.0	0.00	30.3	0.0	0.6	2.3	0.000	0.1456511288	0.229999968	0.374	0.001
20160810	0.3061104797	0.139	0.0	18.5	1.78	4.09	0.0	0.00	28.5	0.0	0.3	2.3	0.000	0.0761105088	0.2299999709	0.305	0.001
20160811	0.2494432373	0.121	0.0	22.1	2.16	5.28	0.0	0.00	26.4	0.0	0.1	2.3	0.000	0.0194432638	0.2299999735	0.249	0.001
20160812	0.3293995686	0.190	6.6	23.1	1.38	3.28	0.0	0.00	30.9	0.7	0.4	2.3	0.000	0.0993995927	0.2299999759	0.329	0.001
20160813	0.5816406123	0.456	11.9	19.7	1.72	3.34	0.0	0.00	39.4	1.7	1.5	2.3	0.000	0.3516406342	0.2299999781	0.581	0.001
20160814	0.5203090054	0.533	1.5	21.1	2.51	4.38	0.0	0.00	38.1	0.3	1.3	2.3	0.000	0.2903090254	0.22999998	0.519	0.001
20160815	0.4239892854	0.246	0.0	18.6	2.44	4.47	0.0	0.00	35.7	0.0	0.9	2.3	0.000	0.1939893036	0.2299999818	0.423	0.001
20160816	2.4138287108	1.591	43.4	16.9	3.02	4.06	0.0	0.00	64.9	11.2	9.6	2.3	0.000	2.1838287273	0.2299999835	2.413	0.001
20160817	3.1952044475	6.765	16.8	17.6	3.74	3.74	0.0	0.00	71.3	6.6	13.1	2.3	0.000	2.9652044625	0.2299999849	3.194	0.001
20160818	2.6792077325	1.217	1.0	18.6	2.46	2.46	0.0	0.00	69.5	0.4	10.8	2.3	0.000	2.4492077462	0.2299999863	2.678	0.001
20160819	2.1832322037	0.748	0.0	18.0	5.39	5.41	0.0	0.00	64.1	0.0	8.6	2.3	0.000	1.9532322161	0.2299999875	2.182	0.001
20160820	1.7790717744	0.514	0.0	18.1	5.21	5.67	0.0	0.00	58.9	0.0	6.8	2.3	0.000	1.5490717858	0.2299999886	1.778	0.001
20160821	2.6399438746	0.680	18.3	19.1	4.61	4.97	0.0	0.00	66.1	6.4	10.6	2.3	0.000	2.4099438849	0.2299999897	2.639	0.001
20160822	2.9372591922	3.195	10.9	12.9	4.73	4.75	0.0	0.00	68.1	4.2	11.9	2.3	0.000	2.7072592016	0.2299999906	2.936	0.001
20160823	2.3935131205	0.995	0.0	14.5	5.44	5.58	0.0	0.00	62.6	0.0	9.5	2.3	0.000	2.163513129	0.2299999914	2.393	0.001
20160824	1.9504254418	0.659	0.0	18.3	4.44	4.95	0.0	0.00	58.2	0.0	7.6	2.3	0.000	1.7204254496	0.2299999922	1.950	0.001
20160825	1.5893622523	0.537	0.0	19.2	3.29	3.94	0.0	0.00	54.9	0.0	6.0	2.3	0.000	1.3593622593	0.2299999929	1.589	0.000
20160826	1.2951391602	0.459	0.0	19.9	3.34	4.24	0.0	0.00	51.6	0.0	4.7	2.3	0.000	1.0651391666	0.2299999935	1.295	0.000
20160827	1.0553827120	0.361	0.0	18.8	3.76	5.09	0.0	0.00	47.8	0.0	3.6	2.3	0.000	0.8253827179	0.2299999941	1.055	0.000
20160828	1.0346948940	0.363	4.1	19.6	3.83	5.42	0.0	0.00	47.1	0.9	3.5	2.3	0.000	0.8046948993	0.2299999947	1.034	0.000
20160829	0.8551903915	0.363	0.3	16.5	2.75	4.06	0.0	0.00	44.6	0.1	2.8	2.3	0.000	0.6251903963	0.2299999951	0.855	0.000
20160830	0.6968773567	0.285	0.0	16.4	3.07	4.80	0.0	0.00	41.5	0.0	2.1	2.3	0.000	0.4668773612	0.2299999956	0.697	0.000
20160831	1.4285122261	1.028	20.1	17.6	2.31	3.27	0.0	0.00	54.7	4.6	5.3	2.3	0.000	1.1985122301	0.229999996	1.428	0.000
20160901	1.2143983130	0.813	1.0	15.9	4.63	5.87	0.0	0.00	50.8	0.3	4.3	2.3	0.000	0.9843983167	0.2299999963	1.214	0.000
20160902	0.9895886286	0.455	0.0	14.6	4.08	5.60	0.0	0.00	46.7	0.0	3.3	2.3	0.000	0.7595886319	0.2299999967	0.989	0.000
20160903	0.8063957626	0.329	0.0	14.1	1.95	2.92	0.0	0.00	44.7	0.0	2.5	2.3	0.000	0.5763957657	0.229999997	0.806	0.000
20160904	0.6571156006	0.261	0.0	15.6	3.13	4.88	0.0	0.00	41.6	0.0	1.9	2.3	0.000	0.4271156033	0.2299999972	0.657	0.000
20160905	0.5354702151	0.213	0.0	17.1	1.85	3.10	0.0	0.00	39.8	0.0	1.3	2.3	0.000	0.3054702176	0.2299999975	0.535	0.000
20160906	0.4363438503	0.176	0.0	18.3	1.29	2.26	0.0	0.00	38.5	0.0	0.9	2.3	0.000	0.2063438526	0.2299999977	0.436	0.000
20160907	0.3555677801	0.147	0.0	19.8	1.91	3.47	0.0	0.00	36.6	0.0	0.6	2.3	0.000	0.1255677822	0.2299999979	0.355	0.000
20160908	0.3311292290	0.172	1.5	19.9	1.61	3.03	0.0	0.00	36.2	0.2	0.4	2.3	0.000	0.1011292309	0.2299999981	0.331	0.000
20160909	0.2913354456	0.166	0.8	19.6	2.40	4.57	0.0	0.00	34.5	0.1	0.3	2.3	0.000	0.0613354473	0.2299999983	0.291	0.000
20160910	0.2374033633	0.120	0.0	18.6	1.76	3.57	0.0	0.00	32.7	0.0	0.0	2.3	0.000	0.0074033649	0.2299999984	0.237	0.000
20160911	0.8029041286	0.820	19.1	13.5	2.44	4.19	0.0	0.00	46.1	3.3	2.5	2.3	0.000	0.57290413	0.2299999986	0.803	0.000
20160912	0.6659197593	0.290	0.3	12.3	3.14	4.74	0.0	0.00	43.2	0.1	1.9	2.3	0.000	0.4359197606	0.2299999987	0.666	0.000
20160913	0.5426445461	0.169	0.0	15.3	2.86	4.62	0.0	0.00	40.4	0.0	1.4	2.3	0.000	0.3126445473	0.2299999988	0.543	0.000
20160914	0.6399899385	0.306	5.8	13.1	1.74	2.84	0.0	0.00	43.3	1.1	1.8	2.3	0.000	0.4099899396	0.2299999989	0.640	0.000
20160915	0.5321147063	0.224	0.3	9.8	2.43	3.90	0.0	0.00	41.2	0.1	1.3	2.3	0.000	0.3021147073	0.229999999	0.532	0.000
20160916	0.4336095142	0.149	0.0	11.7	2.46	4.17	0.0	0.00	38.7	0.0	0.9	2.3	0.000	0.2036095151	0.2299999991	0.434	0.000
20160917	0.4296332313	0.116	2.5	14.0	2.30	4.05	0.0	0.00	38.5	0.4	0.9	2.3	0.000	0.1996332321	0.2299999992	0.430	0.000
20160918	0.5560170732	0.306	6.4	18.0	1.47	2.50	0.0	0.00	42.3	1.1	1.4	2.3	0.000	0.326017074	0.2299999993	0.556	0.000
20160919	0.4803186801	0.234	0.8	17.3	1.01	1.65	0.0	0.00	41.9	0.1	1.1	2.3	0.000	0.2503186808	0.2299999993	0.480	0.000
20160920	0.3914019799	0.183	0.0	18.6	2.45	4.07	0.0	0.00	39.5	0.0	0.7	2.3	0.000	0.1614019805	0.2299999994	0.391	0.000
20160921	0.3189455588	0.113	0.0	15.9	2.81	4.97	0.0	0.00	36.7	0.0	0.4	2.3	0.000	0.0889455593	0.2299999994	0.319	0.000
20160922	0.2599022864	0.089	0.0	17.0	2.17	4.13	0.0	0.00	34.5	0.0	0.1	2.3	0.000	0.0299022869	0.2299999995	0.260	0.000
20160923	0.8038330367	0.736	17.8	11.7	2.17	3.62	0.0	0.00	46.9	3.2	2.5	2.3	0.000	0.5738330372	0.2299999995	0.804	0.000
20160924	0.7153887163	0.335	1.5	8.1	2.80	4.12	0.0	0.00	45.3	0.3	2.1	2.3	0.000	0.4853887167	0.2299999996	0.715	0.000
20160925	0.5829557990	0.225	0.0	6.2	2.97	4.57	0.0	0.00	42.3	0.0	1.6	2.3	0.000	0.3529557993	0.2299999996	0.583	0.000
20160926	0.4750388926	0.197	0.0	8.1	2.38	3.92	0.0	0.00	40.0	0.0	1.1	2.3	0.000	0.2450388929	0.2299999997	0.475	0.000
20160927	0.5214977700	0.240	4.1	12.3	2.26	3.79	0.0	0.00	41.1	0.7	1.3	2.3	0.000	0.2914977703	0.2299999997	0.521	0.000
20160928	0.4412354948	0.176	0.5	12.6	2.63	4.44	0.0	0.00	38.9	0.1	0.9	2.3	0.000	0.211235495	0.2299999997	0.441	0.000
20160929	0.3595538824	0.149	0.0	10.7	2.35	4.22	0.0	0.00	36.5	0.0	0.6	2.3	0.000	0.1295538827	0.2299999997	0.360	0.000
20160930	0.2929931882	0.122	0.0	8.7	0.96	1.84	0.0	0.00	35.5	0.0	0.3	2.3	0.000	0.0629931885	0.2299999998	0.293	0.000
20161001	0.2387542244	0.138	0.0	8.7	1.16	2.27	0.0	0.00	34.4	0.0	0.0	2.3	0.000	0.0087542247	0.2299999998	0.239	0.000
20161002	0.2127882204	0.170	0.0	9.8	0.83	1.68	0.0	0.00	33.6	0.0	0.0	2.2	0.000	0.000	0.2127882204	0.213	0.000
20161003	0.2815537460	0.207	4.3	11.7	0.97	1.91	0.0	0.00	36.3	0.6	0.3	2.2	0.000	0.0672182682	0.2143354778	0.282	0.000
20161004	0.2279408007	0.195	0.0	11.6	0.99	1.90	0.0	0.00	35.3	0.0	0.1	2.2	0.000	0.0121971567	0.215743644	0.228	0.000
20161005	0.2011758443	0.163	0.0	12.1	1.16	2.30	0.0	0.00	34.2	0.0	0.0	2.0	0.000	0.000	0.2011758443	0.201	0.000
20161006	0.1866710785	0.156	0.3	12.7	1.36	2.77	0.0	0.00	33.0	0.0	0.0	1.9	0.000	0.000	0.1866710785	0.187	0.000
20161007	0.1732957351	0.139	0.3	15.1	0.97	2.04	0.0	0.00	32.3	0.0	0.0	1.8	0.000	0.000	0.1732957351	0.173	0.000
20161008	0.1577172705	0.135	0.0	13.7	0.83	1.80	0.0	0.00	31.5	0.0	0.0	1.6	0.000	0.000	0.1577172705	0.158	0.000
20161009	0.1435392359	0.140	0.0	8.0	0.54	1.19	0.0	0.00	31.0	0.0	0.0	1.5	0.000	0.000	0.1435392359	0.144	0.000
20161010	0.1306357394	0.140	0.0	4.4	0.92	2.07	0.0	0.00	30.0	0.0	0.0	1.3	0.000	0.000	0.1306357394	0.131	0.000
20161011	0.1188922060	0.142	0.0	8.4	0.93	2.16	0.0	0.00	29.1	0.0	0.0	1.2	0.000	0.000	0.118892206	0.119	0.000
20161012	0.1082043606	0.129	0.0	12.7	0.98	2.34	0.0	0.00	28.1	0.0	0.0	1.1	0.000	0.000	0.1082043606	0.108	0.000
20161013	0.1120248108	0.125	1.5	9.8	0.65	1.58	0.0	0.00	28.8	0.2	0.0	1.1	0.000	0.000	0.1120248108	0.112	0.000
20161014	0.1019543117	0.136	0.0	4.7	0.72	1.74	0.0	0.00	28.1	0.0	0.0	1.0	0.000	0.000	0.1019543117	0.102	0.000
20161015	0.0927891026	0.132	0.0	5.8	0.87	2.16	0.0	0.00	27.2	0.0	0.0	0.9	0.000	0.000	0.0927891026	0.093	0.000
20161016	0.1544378563	0.158	4.8	10.2	0.89	2.11	0.0	0.00	30.7	0.5	0.2	1.1	0.000	0.0493141448	0.1051237115	0.154	0.000
20161017	0.1202134263	0.221	0.3	14.3	1.01	2.30	0.0	0.00	29.9	0.0	0.0	1.2	0.000	0.0038639288	0.1163494975	0.120	0.000
20161018	0.1074192228	0.168	0.0	13.1	0.47	1.09	0.0	0.00	29.5	0.0	0.0	1.1	0.000	0.000	0.1074192228	0.107	0.000
20161019	0.1025243900	0.186	0.5	11.6	0.86	2.01	0.0	0.00	29.0	0.1	0.0	1.0	0.000	0.000	0.10252439	0.103	0.000
20161020	0.1317395332	0.223	3.0	8.6	0.58	1.33	0.0	0.00	31.1	0.3	0.1	1.2	0.000	0.0177556905	0.1139838427	0.132	0.000
20161021	2.1408661926	2.887	46.5	12.0	0.94	1.34	0.0	0.00	65.7	11.0	8.9	1.3	0.000	2.0164530476	0.124413145	2.141	0.000
20161022	3.8853746014	4.492	27.2	5.7	1.12	1.12	0.0	0.00	80.1	11.6	16.5	1.4	0.000	3.751469699	0.1339049025	3.885	0.000
20161023	3.3380044286	1.951	2.0	1.4	0.92	0.92	0.0	0.00	80.2	1.0	14.1	1.4	0.000	3.1954610326	0.1425433959	3.338	0.000
20161024	2.7117442591	1.316	7.1	1.0	1.97	1.97	4.0	1.00	78.2	0.0	11.3	1.5	0.000	2.5613389293	0.1504053298	2.712	0.000
20161025	2.2021661630	1.072	0.3	-0.1	0.00	1.54	4.2	1.00	78.2	0.0	9.0	1.6	0.000	2.0446056498	0.1575605132	2.202	0.000
20161026	1.7876026287	0.907	0.0	-0.9	0.00	1.44	4.2	1.00	78.2	0.0	7.1	1.7	0.000	1.6235301492	0.1640724795	1.788	0.000
20161027	1.4504032892	0.804	11.2	-0.9	0.00	1.05	10.5	1.00	78.2	0.0	5.6	1.7	0.000	1.2804042384	0.1699990509	1.450	0.000
20161028	2.3075306619	1.843	11.9	1.6	0.00	0.97	10.1	1.00	84.4	6.1	9.4	1.8	0.000	2.1321378103	0.1753928516	2.292	0.015
20161029	4.1504864920	3.742	13.7	3.1	0.00	1.72	2.3	1.00	93.7	12.3	17.5	1.8	0.000	3.9701847168	0.1803017752	3.961	0.189
20161030	3.7532477204	3.149	1.0	3.4	0.00	1.04	0.0	0.00	94.9	2.0	15.7	1.9	0.000	3.5684783105	0.1847694099	3.564	0.190
20161031	3.0541385917	1.921	1.5	-0.5	1.32	1.32	0.8	1.00	93.6	0.0	12.6	1.9	0.000	2.8653031662	0.1888354254	2.901	0.154
20161101	2.4848358855	1.482	0.0	1.0	0.00	0.84	0.8	1.00	93.6	0.0	10.1	1.9	0.000	2.29229996	0.1925359255	2.361	0.124
20161102	2.2324930399	1.382	1.0	8.7	0.00	1.50	0.0	0.00	94.3	1.1	9.0	2.0	0.000	2.0365892718	0.1959037681	2.110	0.122
20161103	3.9337107528	3.653	17.5	6.8	1.05	1.05	0.0	0.00	99.3	11.4	16.4	2.0	0.000	3.7347418952	0.1989688576	3.649	0.285
20161104	3.2025464095	2.362	2.5	0.2	1.26	1.26	1.4	1.00	98.0	0.0	13.2	2.0	0.000	3.0007879994	0.2017584101	2.971	0.231
20161105	2.6070010060	1.837	0.5	-0.9	0.00	1.51	1.7	1.00	98.0	0.0	10.6	2.1	0.000	2.4027038109	0.2042971951	2.420	0.187
20161106	2.1219448550	1.745	2.3	1.1	0.00	1.60	3.0	1.00	98.0	0.0	8.4	2.1	0.000	1.9153370996	0.2066077554	1.970	0.152
20161107	2.0519644966	1.577	0.0	2.0	0.00	1.53	0.3	1.00	98.9	1.8	8.1	2.1	0.000	1.8432538895	0.2087106072	1.893	0.159
20161108	1.7130266327	1.460	0.0	5.9	0.00	1.66	0.0	0.00	99.0	0.2	6.6	2.1	0.000	1.5024022101	0.2106244226	1.579	0.134
20161109	1.4313976321	1.394	0.3	4.0	0.95	0.95	0.0	0.00	98.2	0.2	5.4	2.2	0.000	1.219031437	0.2123661951	1.319	0.112
20161110	1.1647378077	1.322	0.0	1.9	1.35	1.35	0.0	0.00	96.8	0.0	4.2	2.2	0.000	0.9507864171	0.2139513906	1.074	0.091
20161111	0.9475930591	1.636	6.9	1.3	0.94	0.94	3.9	1.00	95.9	0.0	3.2	2.2	0.000	0.7321989746	0.2153940844	0.874	0.073
20161112	0.7707835748	1.396	0.0	-1.5	0.00	1.30	3.9	1.00	95.9	0.0	2.4	2.2	0.000	0.5540764878	0.216707087	0.712	0.059
20161113	1.0912837411	1.276	0.0	3.8	0.00	1.49	0.0	0.00	97.3	2.5	3.8	2.2	0.000	0.8733816843	0.2179020568	0.975	0.116
20161114	0.8881130275	1.194	0.0	5.9	1.56	1.56	0.0	0.00	95.7	0.0	2.9	2.2	0.000	0.669123423	0.2189896045	0.795	0.093
20161115	1.3564627460	1.280	5.3	6.7	1.24	1.24	0.0	0.00	96.3	3.4	5.0	2.2	0.000	1.1364833591	0.2199793868	1.192	0.164
20161116	1.9659493944	2.137	7.1	7.0	0.98	0.98	0.0	0.00	97.8	4.7	7.7	2.2	0.000	1.745069202	0.2208801924	1.720	0.246
20161117	1.6377721478	1.639	0.3	4.5	0.81	0.81	0.0	0.00	97.1	0.2	6.2	2.2	0.000	1.4160721279	0.2217000199	1.434	0.204
20161118	1.3337970405	1.379	0.0	5.8	1.22	1.22	0.0	0.00	95.9	0.0	4.9	2.3	0.000	1.1113508918	0.2224461487	1.168	0.165
20161119	1.0861649224	1.267	0.0	7.1	1.07	1.07	0.0	0.00	94.8	0.0	3.8	2.3	0.000	0.8630397183	0.2231252041	0.952	0.134
20161120	0.8844391797	1.552	13.0	0.6	0.69	0.69	7.3	1.00	94.1	0.0	2.9	2.3	0.000	0.6606959641	0.2237432157	0.776	0.108
20161121	0.7201158013	1.462	4.8	-4.3	0.00	1.25	10.0	1.00	94.1	0.0	2.2	2.3	0.000	0.4958101304	0.2243056709	0.633	0.087
20161122	0.5862655627	1.288	1.0	-4.6	0.00	1.08	10.6	1.00	94.1	0.0	1.6	2.3	0.000	0.3614479986	0.2248175641	0.516	0.070
20161123	0.4772424549	1.220	0.0	-4.0	0.00	0.94	10.6	1.00	94.1	0.0	1.1	2.3	0.000	0.2519590144	0.2252834405	0.420	0.057
20161124	0.3884460920	1.206	4.3	-3.0	0.00	0.38	13.0	1.00	94.1	0.0	0.7	2.3	0.000	0.1627386551	0.2257074368	0.343	0.046
20161125	0.3161281064	1.205	2.5	-0.8	0.00	0.52	14.4	1.00	94.1	0.0	0.4	2.3	0.000	0.0900347885	0.2260933179	0.279	0.037
20161126	0.2572343878	1.284	0.8	0.9	0.00	0.48	14.9	1.00	94.1	0.0	0.1	2.3	0.000	0.0307898777	0.2264445101	0.228	0.029
20161127	0.2182720693	1.335	0.3	-2.1	0.00	1.19	15.0	1.00	94.1	0.0	0.0	2.2	0.000	0.000	0.2182720693	0.194	0.025
20161128	0.1986504455	1.177	0.3	-4.0	0.00	1.05	15.2	1.00	94.1	0.0	0.0	2.0	0.000	0.000	0.1986504455	0.176	0.022
20161129	0.1807927127	3.182	19.3	-3.0	0.00	0.29	26.1	1.00	94.1	0.0	0.0	1.8	0.000	0.000	0.1807927127	0.160	0.020
20161130	0.5586859124	4.084	4.1	1.8	0.00	0.22	26.6	1.00	95.5	2.2	1.6	1.9	0.000	0.373469698	0.1852162144	0.486	0.073
20161201	3.4449466434	7.248	15.5	3.3	0.00	0.65	18.2	1.00	103.2	16.2	14.3	1.9	0.000	3.2557045791	0.1892420643	2.859	0.586
20161202	2.8033361865	4.211	6.1	0.7	0.00	0.72	21.6	1.00	103.2	0.0	11.5	2.0	0.000	2.6104301771	0.1929060094	2.327	0.476
20161203	2.2808496982	3.390	7.1	-2.2	0.00	1.31	25.6	1.00	103.2	0.0	9.2	2.0	0.000	2.084609115	0.1962405832	1.894	0.387
20161204	1.8554035588	2.945	0.0	-5.7	0.00	1.15	25.6	1.00	103.2	0.0	7.3	2.0	0.000	1.6561281641	0.1992753947	1.542	0.314
20161205	1.5090050925	2.708	7.1	-6.1	0.00	0.85	29.6	1.00	103.2	0.0	5.8	2.0	0.000	1.3069677015	0.202037391	1.255	0.254
20161206	1.2269949978	2.507	1.8	-3.1	0.00	0.95	30.6	1.00	103.2	0.0	4.5	2.1	0.000	1.0224439009	0.2045510969	1.021	0.206
20161207	0.9974300418	2.439	2.8	-2.8	0.00	1.20	32.2	1.00	103.2	0.0	3.5	2.1	0.000	0.7905912092	0.2068388326	0.830	0.167
20161208	0.8105800507	2.369	0.8	-2.1	0.00	0.41	32.6	1.00	103.2	0.0	2.6	2.1	0.000	0.601659139	0.2089209117	0.675	0.135
20161209	0.6585180371	2.236	5.3	-8.1	0.00	0.68	35.6	1.00	103.2	0.0	2.0	2.1	0.000	0.4477022154	0.2108158217	0.549	0.109
20161210	0.5347862199	2.098	0.3	-12.6	0.00	0.74	35.8	1.00	103.2	0.0	1.4	2.2	0.000	0.3222458315	0.2125403884	0.446	0.088
20161211	0.4341238858	2.008	0.5	-11.5	0.00	0.65	36.1	1.00	103.2	0.0	1.0	2.2	0.000	0.2200139611	0.2141099247	0.363	0.071
20161212	0.3522456443	1.916	16.3	-5.5	0.00	0.33	45.3	1.00	103.2	0.0	0.6	2.2	0.000	0.1367072772	0.2155383671	0.295	0.058
20161213	0.2856607443	1.814	0.8	-3.4	0.00	0.88	45.7	1.00	103.2	0.0	0.3	2.2	0.000	0.068822345	0.2168383993	0.239	0.046
20161214	0.2315258512	1.784	1.8	-8.4	0.00	0.64	46.7	1.00	103.2	0.0	0.1	2.2	0.000	0.0135042865	0.2180215648	0.194	0.037
20161215	0.2037662344	1.704	2.3	-16.3	0.00	0.54	48.0	1.00	103.2	0.0	0.0	2.1	0.000	0.000	0.2037662344	0.171	0.033
20161216	0.1854486164	1.639	0.0	-22.0	0.00	0.95	48.0	1.00	103.2	0.0	0.0	1.9	0.000	0.000	0.1854486164	0.156	0.030
20161217	0.1687776653	1.588	8.1	-11.0	0.00	0.60	52.6	1.00	103.2	0.0	0.0	1.7	0.000	0.000	0.1687776653	0.142	0.027
20161218	0.1536053537	5.114	19.8	-6.9	0.00	1.02	63.8	1.00	103.2	0.0	0.0	1.6	0.000	0.000	0.1536053537	0.129	0.025
20161219	0.1397969610	2.712	0.0	-16.7	0.00	0.82	63.8	1.00	103.2	0.0	0.0	1.4	0.000	0.000	0.139796961	0.117	0.022
20161220	0.1272298773	2.109	0.0	-14.1	0.00	0.36	63.8	1.00	103.2	0.0	0.0	1.3	0.000	0.000	0.1272298773	0.107	0.020
20161221	0.1157925147	1.829	0.0	-5.1	0.00	0.58	63.8	1.00	103.2	0.0	0.0	1.2	0.000	0.000	0.1157925147	0.097	0.019
20161222	0.1053833169	1.712	3.0	-2.8	0.00	0.24	65.4	1.00	103.2	0.0	0.0	1.1	0.000	0.000	0.1053833169	0.088	0.017
20161223	0.0959098565	1.629	0.3	-2.2	0.00	1.01	65.6	1.00	103.2	0.0	0.0	1.0	0.000	0.000	0.0959098565	0.081	0.015
20161224	0.0872880153	1.599	3.3	-2.6	0.00	1.04	67.5	1.00	103.2	0.0	0.0	0.9	0.000	0.000	0.0872880153	0.073	0.014
20161225	0.0794412367	1.515	1.0	-8.0	0.00	1.27	68.0	1.00	103.2	0.0	0.0	0.8	0.000	0.000	0.0794412367	0.067	0.013
20161226	0.0722998464	1.499	2.3	-8.4	0.00	1.48	69.3	1.00	103.2	0.0	0.0	0.7	0.000	0.000	0.0722998464	0.061	0.012
20161227	0.0658004331	2.544	7.1	0.7	0.00	0.74	73.3	1.00	103.2	0.0	0.0	0.7	0.000	0.000	0.0658004331	0.055	0.011
20161228	0.0598852862	1.938	0.5	-6.9	0.00	0.69	73.6	1.00	103.2	0.0	0.0	0.6	0.000	0.000	0.0598852862	0.050	0.010
20161229	0.0545018830	1.669	10.2	-5.6	0.00	0.26	79.4	1.00	103.2	0.0	0.0	0.6	0.000	0.000	0.054501883	0.046	0.009
20161230	0.0496024223	1.556	11.7	-7.6	0.00	1.10	86.0	1.00	103.2	0.0	0.0	0.5	0.000	0.000	0.0496024223	0.042	0.008
20161231	0.0451433998	1.470	3.8	-11.1	0.00	0.60	88.1	1.00	103.2	0.0	0.0	0.5	0.000	0.000	0.0451433998	0.038	0.007
20170101	0.0410852222	1.400	4.8	-5.6	0.00	0.77	90.8	1.00	103.2	0.0	0.0	0.4	0.000	0.000	0.0410852222	0.034	0.007
20170102	0.0373918556	1.375	0.0	-5.1	0.00	0.84	90.8	1.00	103.2	0.0	0.0	0.4	0.000	0.000	0.0373918556	0.031	0.006
20170103	0.0340305052	1.380	3.6	-3.8	0.00	0.53	92.8	1.00	103.2	0.0	0.0	0.3	0.000	0.000	0.0340305052	0.029	0.005
20170104	0.0309713241	1.661	8.1	-2.4	0.00	0.76	97.4	1.00	103.2	0.0	0.0	0.3	0.000	0.000	0.0309713241	0.026	0.005
20170105	0.0281871490	1.519	1.5	-7.9	0.00	1.25	98.2	1.00	103.2	0.0	0.0	0.3	0.000	0.000	0.028187149	0.024	0.005
20170106	0.0256532580	1.404	0.5	-11.2	0.00	0.64	98.5	1.00	103.2	0.0	0.0	0.3	0.000	0.000	0.025653258	0.022	0.004
20170107	0.0233471518	1.323	0.0	-13.2	0.00	0.70	98.5	1.00	103.2	0.0	0.0	0.2	0.000	0.000	0.0233471518	0.020	0.004
20170108	0.0212483536	1.271	0.5	-16.6	0.00	0.85	98.8	1.00	103.2	0.0	0.0	0.2	0.000	0.000	0.0212483536	0.018	0.003
20170109	0.0193382274	1.208	0.0	-18.9	0.00	0.59	98.8	1.00	103.2	0.0	0.0	0.2	0.000	0.000	0.0193382274	0.016	0.003
20170110	0.0175998124	1.118	1.5	-9.8	0.00	0.37	99.6	1.00	103.2	0.0	0.0	0.2	0.000	0.000	0.0175998124	0.015	0.003
20170111	0.0160176728	1.084	6.1	2.0	0.00	1.44	105.7	1.00	103.2	0.0	0.0	0.2	0.000	0.000	0.0160176728	0.013	0.003
20170112	2.0631834257	2.256	6.4	3.5	0.00	0.35	97.0	1.00	107.2	11.2	8.9	0.4	0.000	2.0279297566	0.0352536691	1.620	0.443
20170113	1.6627017416	3.207	1.8	-5.7	0.00	1.53	98.0	1.00	107.2	0.0	7.1	0.5	0.000	1.6099413011	0.0527604406	1.305	0.357
20170114	1.3380243971	1.876	0.3	-15.0	0.00	0.87	98.1	1.00	107.2	0.0	5.6	0.7	0.000	1.2693309608	0.0686934363	1.051	0.287
20170115	1.0749686133	1.557	0.5	-11.0	0.00	0.73	98.4	1.00	107.2	0.0	4.4	0.8	0.000	0.991774482	0.0831941313	0.844	0.231
20170116	0.8619906024	1.430	0.0	-8.3	0.00	0.51	98.4	1.00	107.2	0.0	3.4	1.0	0.000	0.7655993199	0.0963912826	0.677	0.185
20170117	0.6896958263	1.395	2.0	-4.8	0.00	1.26	99.6	1.00	107.2	0.0	2.6	1.1	0.000	0.5812937537	0.1084020726	0.542	0.148
20170118	0.5504400243	1.369	4.1	-2.4	0.00	0.40	101.9	1.00	107.2	0.0	1.9	1.2	0.000	0.4311068747	0.1193331495	0.432	0.118
20170119	0.4380041985	1.326	2.0	-1.4	0.00	0.67	103.0	1.00	107.2	0.0	1.4	1.3	0.000	0.308722624	0.1292815745	0.344	0.094
20170120	0.3473298560	1.265	0.3	-1.5	0.00	0.91	103.2	1.00	107.2	0.0	0.9	1.4	0.000	0.2089941728	0.1383356832	0.273	0.074
20170121	0.2743033450	1.244	0.8	-0.2	0.00	0.90	103.6	1.00	107.2	0.0	0.6	1.5	0.000	0.1277274745	0.1465758705	0.216	0.059
20170122	0.2155801895	1.254	1.3	0.7	0.00	1.01	104.3	1.00	107.2	0.0	0.3	1.6	0.000	0.0615048854	0.1540753041	0.169	0.046
20170123	0.1684420107	1.298	0.8	-2.3	0.00	1.07	104.8	1.00	107.2	0.0	0.0	1.6	0.000	0.0075414366	0.1609005742	0.132	0.036
20170124	0.1494205937	1.567	21.6	-2.0	0.00	0.98	117.0	1.00	107.2	0.0	0.0	1.5	0.000	0.000	0.1494205937	0.118	0.032
20170125	0.1359883910	1.498	0.8	-3.9	0.00	1.19	117.4	1.00	107.2	0.0	0.0	1.4	0.000	0.000	0.135988391	0.107	0.029
20170126	0.1237636796	1.902	8.1	0.4	0.00	0.78	122.0	1.00	107.2	0.0	0.0	1.3	0.000	0.000	0.1237636796	0.097	0.026
20170127	0.1126379118	1.791	13.7	-3.7	0.00	1.47	129.7	1.00	107.2	0.0	0.0	1.1	0.000	0.000	0.1126379118	0.089	0.024
20170128	0.1025122978	1.569	2.3	-3.5	0.00	1.33	131.0	1.00	107.2	0.0	0.0	1.0	0.000	0.000	0.1025122978	0.081	0.022
20170129	0.0932969285	1.462	2.0	-3.4	0.00	1.00	132.1	1.00	107.2	0.0	0.0	0.9	0.000	0.000	0.0932969285	0.073	0.020
20170130	0.0849099771	1.415	1.5	-11.3	0.00	1.16	133.0	1.00	107.2	0.0	0.0	0.9	0.000	0.000	0.0849099771	0.067	0.018
20170131	0.0772769729	1.349	0.0	-13.2	0.00	0.95	133.0	1.00	107.2	0.0	0.0	0.8	0.000	0.000	0.0772769729	0.061	0.017
20170201	0.0703301395	1.268	2.8	-8.3	0.00	0.76	134.5	1.00	107.2	0.0	0.0	0.7	0.000	0.000	0.0703301395	0.055	0.015
20170202	0.0640077936	1.215	1.3	-8.2	0.00	0.85	135.3	1.00	107.2	0.0	0.0	0.6	0.000	0.000	0.0640077936	0.050	0.014
20170203	0.0582537965	1.171	2.8	-9.7	0.00	0.43	136.9	1.00	107.2	0.0	0.0	0.6	0.000	0.000	0.0582537965	0.046	0.012
20170204	0.0530170565	1.123	1.8	-10.3	0.00	0.93	137.9	1.00	107.2	0.0	0.0	0.5	0.000	0.000	0.0530170565	0.042	0.011
20170205	0.0482510746	1.086	1.5	-7.0	0.00	0.87	138.7	1.00	107.2	0.0	0.0	0.5	0.000	0.000	0.0482510746	0.038	0.010
20170206	0.0439135318	1.073	3.8	-9.8	0.00	0.98	140.9	1.00	107.2	0.0	0.0	0.4	0.000	0.000	0.0439135318	0.035	0.009
20170207	0.0399659136	1.058	12.4	-8.4	0.00	0.48	147.8	1.00	107.2	0.0	0.0	0.4	0.000	0.000	0.0399659136	0.031	0.009
20170208	0.0363731675	1.233	6.1	-1.1	0.00	0.79	151.3	1.00	107.2	0.0	0.0	0.4	0.000	0.000	0.0363731675	0.029	0.008
20170209	0.0331033923	1.153	5.6	-13.0	0.00	0.50	154.4	1.00	107.2	0.0	0.0	0.3	0.000	0.000	0.0331033923	0.026	0.007
20170210	0.0301275543	1.103	1.8	-17.8	0.00	0.54	155.5	1.00	107.2	0.0	0.0	0.3	0.000	0.000	0.0301275543	0.024	0.006
20170211	0.0274192301	1.056	1.8	-13.6	0.00	0.30	156.5	1.00	107.2	0.0	0.0	0.3	0.000	0.000	0.0274192301	0.022	0.006
20170212	0.0249543714	1.016	17.0	-10.8	0.00	0.35	166.1	1.00	107.2	0.0	0.0	0.3	0.000	0.000	0.0249543714	0.020	0.005
20170213	0.0227110917	0.999	5.3	-7.2	0.00	0.49	169.0	1.00	107.2	0.0	0.0	0.2	0.000	0.000	0.0227110917	0.018	0.005
20170214	0.0206694723	0.961	5.6	-8.2	0.00	0.67	172.2	1.00	107.2	0.0	0.0	0.2	0.000	0.000	0.0206694723	0.016	0.004
20170215	0.0188113848	0.919	6.1	-4.5	0.00	0.30	175.6	1.00	107.2	0.0	0.0	0.2	0.000	0.000	0.0188113848	0.015	0.004
20170216	0.0171203305	0.920	5.3	-6.0	0.00	0.39	178.6	1.00	107.2	0.0	0.0	0.2	0.000	0.000	0.0171203305	0.013	0.004
20170217	0.0155812940	0.919	1.3	-7.1	0.00	1.21	179.3	1.00	107.2	0.0	0.0	0.2	0.000	0.000	0.015581294	0.012	0.003
20170218	0.0141806096	0.916	0.0	-3.1	0.00	1.16	179.3	1.00	107.2	0.0	0.0	0.1	0.000	0.000	0.0141806096	0.011	0.003
20170219	0.0129058400	1.334	0.0	3.8	0.00	1.58	179.3	1.00	107.2	0.0	0.0	0.1	0.000	0.000	0.01290584	0.010	0.003
20170220	0.0117456662	1.259	0.0	-3.8	0.00	0.87	179.3	1.00	107.2	0.0	0.0	0.1	0.000	0.000	0.0117456662	0.009	0.003
20170221	0.0106897865	1.109	0.3	-4.1	0.00	1.11	179.5	1.00	107.2	0.0	0.0	0.1	0.000	0.000	0.0106897865	0.008	0.002
20170222	0.4246056877	1.144	0.0	4.3	0.00	1.45	176.4	1.00	108.0	2.4	1.7	0.3	0.000	0.3942009531	0.0304047345	0.324	0.101
20170223	3.7087248356	2.027	0.0	6.7	0.00	1.00	153.4	1.00	112.7	18.3	16.1	0.5	0.000	3.6603774333	0.0483474022	2.378	1.331
20170224	4.6822927670	3.357	0.8	3.7	0.00	0.34	143.2	1.00	114.6	9.1	20.3	0.7	0.000	4.6176156578	0.0646771092	2.893	1.789
20170225	10.4757522815	8.691	19.3	5.3	0.00	0.41	126.3	1.00	119.4	31.4	41.1	0.8	0.8592152418	9.5369981868	0.0795388529	5.961	4.515
20170226	7.6629358049	8.663	4.1	-4.7	0.00	1.30	128.6	1.00	119.4	0.0	33.3	0.9	0.000	7.5698712085	0.0930645964	4.362	3.301
20170227	6.2313317663	4.705	0.8	-2.9	0.00	1.37	129.1	1.00	119.4	0.0	27.0	1.1	0.000	6.1259573266	0.1053744397	3.547	2.684
20170228	5.0659187881	3.766	0.3	1.3	0.00	1.26	129.4	1.00	119.4	0.0	21.8	1.2	0.000	4.9493411016	0.1165776865	2.885	2.181
20170301	7.2973013662	7.047	9.1	4.1	0.00	0.66	119.5	1.00	121.2	17.2	31.6	1.3	0.000	7.1705275517	0.1267738145	4.014	3.284
20170302	5.9365936148	9.705	5.8	-3.1	0.00	0.59	122.8	1.00	121.2	0.0	25.5	1.4	0.000	5.8005402558	0.136053359	3.266	2.671
20170303	4.8286640273	5.714	0.0	-11.0	0.00	0.69	122.8	1.00	121.2	0.0	20.6	1.5	0.000	4.6841653109	0.1444987164	2.657	2.172
20170304	3.9266388188	4.437	1.8	-16.5	0.00	0.48	123.8	1.00	121.2	0.0	16.6	1.5	0.000	3.7744539425	0.1521848763	2.161	1.766
20170305	3.1923286305	3.799	0.0	-13.3	0.00	0.90	123.8	1.00	121.2	0.0	13.4	1.6	0.000	3.0331485437	0.1591800868	1.757	1.435
20170306	2.5946202253	3.523	0.3	-7.5	0.00	0.94	123.9	1.00	121.2	0.0	10.7	1.7	0.000	2.4290737641	0.1655464611	1.429	1.166
20170307	2.1081659698	3.396	4.3	-1.0	0.00	0.21	126.4	1.00	121.2	0.0	8.5	1.7	0.000	1.9368254413	0.1713405286	1.161	0.947
20170308	2.5532517829	4.642	6.4	3.9	0.00	1.15	127.8	1.00	121.6	4.5	10.5	1.8	0.000	2.3766380461	0.1766137368	1.380	1.173
20170309	2.0755095436	3.849	6.1	-3.0	0.00	1.18	131.3	1.00	121.6	0.0	8.3	1.8	0.000	1.8940966349	0.1814129087	1.123	0.953
20170310	1.6866640542	3.300	2.8	-9.0	0.00	0.54	132.8	1.00	121.6	0.0	6.6	1.9	0.000	1.5008833965	0.1857806577	0.913	0.774
20170311	1.3702176465	2.960	0.8	-19.8	0.00	0.70	133.3	1.00	121.6	0.0	5.2	1.9	0.000	1.1804618796	0.1897557669	0.742	0.628
20170312	1.1127303973	2.586	0.0	-16.5	0.00	1.08	133.3	1.00	121.6	0.0	4.0	2.0	0.000	0.9193568647	0.1933735326	0.603	0.510
20170313	0.9032537462	2.328	0.0	-13.2	0.00	1.41	133.3	1.00	121.6	0.0	3.1	2.0	0.000	0.7065876679	0.1966660783	0.490	0.414
20170314	0.7328689916	2.261	34.3	-9.9	0.00	0.45	152.6	1.00	121.6	0.0	2.3	2.0	0.000	0.5332063518	0.1996626397	0.398	0.335
20170315	0.5943112478	2.166	8.9	-9.4	0.00	0.27	157.6	1.00	121.6	0.0	1.7	2.0	0.000	0.3919214233	0.2023898245	0.323	0.272
20170316	0.4816630403	2.038	2.8	-9.7	0.00	1.05	159.2	1.00	121.6	0.0	1.2	2.1	0.000	0.276791192	0.2048718483	0.262	0.220
20170317	0.3901046445	1.945	1.5	-8.5	0.00	0.99	160.0	1.00	121.6	0.0	0.8	2.1	0.000	0.1829738945	0.20713075	0.212	0.178
20170318	0.3157106630	1.869	0.0	-5.7	0.00	0.98	160.0	1.00	121.6	0.0	0.5	2.1	0.000	0.1065240759	0.2091865871	0.172	0.144
20170319	0.2552842788	1.825	0.0	-3.1	0.00	1.17	160.0	1.00	121.6	0.0	0.2	2.1	0.000	0.0442266646	0.2110576142	0.139	0.116
20170320	0.2095854464	1.843	0.0	-0.6	0.00	1.31	160.0	1.00	121.6	0.0	0.0	2.1	0.000	0.000	0.2095854464	0.115	0.095
20170321	0.1907447088	1.806	0.0	0.8	0.00	1.21	160.0	1.00	121.6	0.0	0.0	1.9	0.000	0.000	0.1907447088	0.104	0.086
20170322	0.1735976642	1.687	3.3	-8.8	0.00	1.13	161.9	1.00	121.6	0.0	0.0	1.8	0.000	0.000	0.1735976642	0.095	0.079
20170323	0.1579920575	1.582	0.0	-10.2	0.00	0.99	161.9	1.00	121.6	0.0	0.0	1.6	0.000	0.000	0.1579920575	0.086	0.072
20170324	0.1437893209	1.571	10.4	-6.1	0.00	0.38	167.8	1.00	121.6	0.0	0.0	1.5	0.000	0.000	0.1437893209	0.079	0.065
20170325	0.1308633430	1.515	0.5	-4.5	0.00	0.43	168.0	1.00	121.6	0.0	0.0	1.3	0.000	0.000	0.130863343	0.072	0.059
20170326	0.1190993491	1.503	0.3	-2.8	0.00	1.24	168.2	1.00	121.6	0.0	0.0	1.2	0.000	0.000	0.1190993491	0.065	0.054
20170327	0.1083928825	1.841	10.4	-0.3	0.00	0.50	174.1	1.00	121.6	0.0	0.0	1.1	0.000	0.000	0.1083928825	0.059	0.049
20170328	0.0986488765	2.141	1.5	2.7	0.00	0.26	175.6	1.00	121.6	0.0	0.0	1.0	0.000	0.000	0.0986488765	0.054	0.045
20170329	0.0897808104	2.051	1.0	-0.3	0.00	0.93	176.1	1.00	121.6	0.0	0.0	0.9	0.000	0.000	0.0897808104	0.049	0.041
20170330	0.0817099414	1.816	0.0	0.7	0.00	1.91	176.1	1.00	121.6	0.0	0.0	0.8	0.000	0.000	0.0817099414	0.045	0.037
20170331	0.0743646052	1.761	11.7	0.3	0.00	1.40	182.7	1.00	121.6	0.0	0.0	0.8	0.000	0.000	0.0743646052	0.041	0.034
20170401	0.0676795799	1.659	16.0	0.7	0.00	0.60	191.8	1.00	121.6	0.0	0.0	0.7	0.000	0.000	0.0676795799	0.037	0.031
20170402	0.0615955067	1.886	0.3	2.6	0.00	0.74	192.1	1.00	121.6	0.0	0.0	0.6	0.000	0.000	0.0615955067	0.034	0.028
20170403	0.0560583628	2.019	0.0	2.6	0.00	1.20	192.1	1.00	121.6	0.0	0.0	0.6	0.000	0.000	0.0560583628	0.031	0.025
20170404	0.0510189818	2.412	10.4	1.1	0.00	0.39	197.9	1.00	121.6	0.0	0.0	0.5	0.000	0.000	0.0510189818	0.028	0.023
20170405	0.3514066560	2.592	2.0	1.6	0.00	0.79	198.0	1.00	121.8	1.8	1.3	0.7	0.000	0.2842981296	0.0671085265	0.182	0.169
20170406	3.2790084491	3.849	15.2	1.8	0.00	0.60	195.7	1.00	123.0	16.2	14.1	0.8	0.000	3.1972567517	0.0817516973	1.690	1.589
20170407	4.5560562064	5.213	8.4	1.9	0.00	0.22	193.2	1.00	123.7	10.3	19.6	1.0	0.000	4.4609776898	0.0950785166	2.365	2.191
20170408	3.6997901812	3.902	5.1	-2.4	0.00	0.75	196.0	1.00	123.7	0.0	15.8	1.1	0.000	3.5925828632	0.107207318	1.920	1.779
20170409	3.9023878446	3.904	0.3	2.7	0.00	1.57	191.2	1.00	124.0	4.9	16.7	1.2	0.000	3.7841420469	0.1182457977	2.028	1.874
20170410	10.7332272052	8.742	0.0	10.1	0.00	1.86	153.8	1.00	125.6	35.8	41.6	1.3	0.9346213846	9.6703138501	0.1282919705	4.990	5.743
20170411	20.2934627320	18.395	1.0	11.7	0.00	1.22	109.8	1.00	126.8	43.8	65.0	1.4	4.3852001948	15.7708274973	0.1374350399	8.129	12.165
20170412	19.8317677350	18.372	0.3	5.7	0.00	0.54	91.0	1.00	127.2	18.8	63.9	1.5	4.215394723	15.4706168212	0.1457561908	7.495	12.336
20170413	18.0754838294	13.782	2.0	4.1	0.00	1.57	78.9	1.00	127.4	13.8	59.6	1.6	3.5781558208	14.3439986989	0.1533293097	6.520	11.556
20170414	17.2614455636	13.201	0.3	4.9	0.00	1.95	63.7	1.00	127.6	15.3	57.6	1.6	3.2815734418	13.8196504808	0.1602216411	5.857	11.405
20170415	22.7789599232	15.518	5.6	8.6	0.00	2.10	32.6	1.00	127.9	36.3	71.1	1.7	5.2726518051	17.3398137335	0.1664943846	6.781	15.998
20170416	27.8412744246	26.883	7.9	12.0	0.00	2.40	0.0	0.00	128.1	40.3	83.4	1.7	7.0994811838	20.5695900026	0.1722032382	7.561	20.280
20170417	20.1356128906	21.485	1.3	4.9	2.57	2.57	0.0	0.00	125.6	1.3	64.6	1.8	4.313734889	15.6444791086	0.177398893	5.461	14.674
20170418	14.2892295532	13.829	0.0	3.8	2.28	2.28	0.0	0.00	123.3	0.0	50.2	1.8	2.1998695985	11.9072324718	0.182127483	3.880	10.409
20170419	12.6215585742	12.714	9.1	4.2	1.35	1.35	0.0	0.00	122.5	8.6	46.1	1.9	1.5958256343	10.8393019447	0.1864309952	3.455	9.166
20170420	9.4397827948	11.894	1.8	5.3	1.83	1.83	0.0	0.00	120.8	1.7	38.3	1.9	0.4449119738	8.8045231789	0.1903476421	2.595	6.845
20170421	10.4132046389	12.750	14.0	3.8	1.76	1.76	0.0	0.00	120.2	12.8	40.7	2.0	0.7952979649	9.423994473	0.193912201	3.105	7.308
20170422	8.2528006885	10.227	3.3	4.1	1.26	1.26	0.0	0.00	119.3	3.0	35.4	2.0	0.0136242219	8.0420201436	0.197156323	2.511	5.742
20170423	6.7578359659	8.719	0.3	7.7	2.25	2.25	0.0	0.00	117.0	0.3	28.9	2.0	0.000	6.5577271522	0.2001088138	2.061	4.697
20170424	5.5039774913	7.746	0.0	7.9	2.32	2.32	0.0	0.00	114.7	0.0	23.3	2.1	0.000	5.3011816017	0.2027958896	1.679	3.825
20170425	4.9974766335	7.046	3.3	7.4	1.46	1.46	0.0	0.00	113.8	2.8	21.1	2.1	0.000	4.7922352234	0.2052414101	1.576	3.421
20170426	4.5013406756	7.088	2.8	11.1	0.33	0.33	0.0	0.00	113.9	2.3	18.9	2.1	0.000	4.2938735857	0.2074670899	1.465	3.037
20170427	3.8199209744	5.852	1.0	14.7	1.39	1.39	0.0	0.00	112.7	0.8	15.9	2.1	0.000	3.6104282827	0.2094926917	1.258	2.562
20170428	3.1865789456	5.034	0.5	16.6	2.27	2.27	0.0	0.00	110.5	0.4	13.1	2.1	0.000	2.9752427442	0.2113362014	1.057	2.130
20170429	2.7125599306	4.349	0.8	12.4	2.26	2.26	0.0	0.00	108.4	0.6	11.0	2.2	0.000	2.4995459422	0.2130139884	0.911	1.801
20170430	2.3516377710	3.884	1.0	2.7	2.08	2.08	0.0	0.00	106.6	0.8	9.4	2.2	0.000	2.1370968207	0.2145409503	0.804	1.548
20170501	4.6091391898	5.573	18.8	6.2	0.81	0.81	0.0	0.00	110.0	14.6	19.3	2.2	0.000	4.3932085443	0.2159306455	2.054	2.555
20170502	5.8666149061	8.210	14.2	7.9	0.46	0.46	0.0	0.00	112.3	11.4	24.9	2.2	0.000	5.6494194923	0.2171954138	2.885	2.982
20170503	5.4304054128	6.038	4.3	3.5	1.36	1.36	0.0	0.00	111.8	3.5	22.9	2.2	0.000	5.2120589274	0.2183464853	2.732	2.699
20170504	4.4240178571	4.732	0.0	8.2	1.64	1.64	0.0	0.00	110.1	0.0	18.5	2.2	0.000	4.2046237761	0.219394081	2.223	2.201
20170505	5.1452924248	5.350	10.4	7.0	0.94	0.94	0.0	0.00	111.2	8.3	21.7	2.2	0.000	4.924944922	0.2203475028	2.772	2.373
20170506	5.1797414823	5.489	6.6	10.7	1.66	1.66	0.0	0.00	110.8	5.3	21.8	2.2	0.000	4.9585262657	0.2212152165	2.894	2.285
20170507	6.4774838188	5.798	15.0	7.3	1.15	1.15	0.0	0.00	112.5	12.2	27.5	2.2	0.000	6.2554788919	0.2220049269	3.910	2.568
20170508	5.4741822766	6.016	1.3	2.5	0.82	0.82	0.0	0.00	111.9	1.1	23.1	2.3	0.000	5.2514586305	0.2227236461	3.318	2.156
20170509	4.6852158143	4.609	1.5	2.6	1.58	1.58	0.0	0.00	110.6	1.2	19.6	2.3	0.000	4.4618380585	0.2233777558	2.857	1.829
20170510	3.8172570243	4.126	0.0	5.0	2.74	2.74	0.0	0.00	107.9	0.0	15.8	2.3	0.000	3.5932839602	0.2239730641	2.324	1.493
20170511	3.1100316456	3.709	0.0	8.4	3.02	3.02	0.0	0.00	104.9	0.0	12.7	2.3	0.000	2.8855167886	0.2245148571	1.891	1.219
20170512	2.5337795775	3.391	0.0	11.1	3.24	3.24	0.0	0.00	101.6	0.0	10.2	2.3	0.000	2.3087716321	0.2250079454	1.538	0.996
20170513	2.1030857854	3.144	0.3	11.2	1.60	1.60	0.0	0.00	100.1	0.2	8.3	2.3	0.000	1.877629078	0.2254567074	1.277	0.826
20170514	4.0528253203	4.331	17.8	6.5	1.83	1.83	0.0	0.00	103.5	12.6	16.8	2.3	0.000	3.8269601924	0.2258651279	2.776	1.277
20170515	4.8504468499	5.810	11.4	9.2	0.95	0.95	0.0	0.00	105.5	8.4	20.4	2.3	0.000	4.6242100166	0.2262368333	3.448	1.403
20170516	3.9521727097	3.745	0.0	13.1	2.19	2.19	0.0	0.00	103.4	0.0	16.4	2.3	0.000	3.7255975856	0.2265751241	2.806	1.147
20170517	3.2202194905	3.165	0.0	18.7	3.44	3.44	0.0	0.00	99.9	0.0	13.2	2.3	0.000	2.9933364863	0.2268830042	2.283	0.938
20170518	2.6616382102	2.805	0.3	23.3	4.01	4.01	0.0	0.00	96.0	0.2	10.7	2.3	0.000	2.4344750028	0.2271632074	1.886	0.776
20170519	2.3231400555	2.636	1.3	12.2	2.39	2.39	0.0	0.00	94.1	0.8	9.2	2.3	0.000	2.095721834	0.2274182216	1.653	0.670
20170520	1.8928340053	2.418	0.0	9.8	3.39	3.39	0.0	0.00	90.7	0.0	7.3	2.3	0.000	1.6651836941	0.2276503112	1.344	0.549
20170521	1.5422084069	2.219	0.0	11.5	2.86	2.86	0.0	0.00	87.8	0.0	5.8	2.3	0.000	1.3143468698	0.2278615371	1.093	0.449
20170522	3.0644018251	3.539	16.5	9.5	1.40	1.40	0.0	0.00	93.2	9.8	12.5	2.3	0.000	2.8363480503	0.2280537747	2.349	0.716
20170523	2.5536209112	2.852	0.5	12.6	3.32	3.32	0.0	0.00	90.0	0.3	10.2	2.3	0.000	2.32539218	0.2282287312	1.957	0.597
20170524	2.0807253747	2.244	0.0	15.0	1.74	1.74	0.0	0.00	88.3	0.0	8.2	2.3	0.000	1.8523374149	0.2283879598	1.592	0.489
20170525	1.8840580981	2.041	1.8	12.9	2.24	2.24	0.0	0.00	86.8	1.0	7.3	2.3	0.000	1.6555252235	0.2285328746	1.448	0.436
20170526	3.4641204466	3.859	17.8	10.1	2.73	2.73	0.0	0.00	91.5	10.4	14.2	2.3	0.000	3.2354556844	0.2286647622	2.807	0.658
20170527	2.9330005750	2.560	1.0	12.8	2.72	2.72	0.0	0.00	89.2	0.6	11.9	2.3	0.000	2.7042157812	0.2287847938	2.377	0.556
20170528	2.3899271424	2.063	0.0	15.1	3.53	3.53	0.0	0.00	85.6	0.0	9.5	2.3	0.000	2.1610331073	0.228894035	1.935	0.455
20170529	2.4130297746	2.059	4.6	10.9	1.31	1.31	0.0	0.00	86.4	2.5	9.6	2.3	0.000	2.1840363185	0.228993456	1.972	0.441
20170530	2.5429367425	2.225	5.6	9.7	1.68	1.68	0.0	0.00	87.2	3.1	10.2	2.3	0.000	2.313852803	0.2290839396	2.102	0.441
20170531	2.7637293712	2.843	6.6	13.2	3.02	3.02	0.0	0.00	87.1	3.7	11.2	2.3	0.000	2.5345630822	0.2291662891	2.314	0.450
20170601	2.3338607004	2.295	0.8	12.9	4.97	4.97	0.0	0.00	82.5	0.4	9.3	2.3	0.000	2.1046194647	0.2292412357	1.955	0.379
20170602	2.3127306549	2.017	4.3	8.3	4.09	4.09	0.0	0.00	80.5	2.2	9.2	2.3	0.000	2.0834212099	0.229309445	1.952	0.360
20170603	2.4991700200	2.394	6.6	8.1	3.26	3.26	0.0	0.00	80.5	3.3	10.0	2.3	0.000	2.2697984974	0.2293715226	2.135	0.364
20170604	3.0717823873	2.436	10.9	12.4	3.81	3.81	0.0	0.00	82.0	5.6	12.5	2.3	0.000	2.8423543676	0.2294280198	2.672	0.400
20170605	3.0366568027	2.575	5.6	10.2	0.78	0.78	0.0	0.00	83.9	2.9	12.4	2.3	0.000	2.8071773646	0.2294794381	2.660	0.376
20170606	4.4831685700	4.855	19.3	8.2	2.92	2.92	0.0	0.00	89.4	10.9	18.7	2.3	0.000	4.2536423359	0.2295262341	4.025	0.458
20170607	3.7064804632	3.138	0.5	13.2	4.05	4.05	0.0	0.00	85.6	0.3	15.3	2.3	0.000	3.4769116397	0.2295688234	3.327	0.379
20170608	3.0202949219	2.305	0.0	17.6	5.54	5.54	0.0	0.00	80.1	0.0	12.3	2.3	0.000	2.7906873378	0.2296075842	2.709	0.311
20170609	2.4611398907	2.020	0.0	15.1	3.05	3.05	0.0	0.00	77.0	0.0	9.8	2.3	0.000	2.2314970302	0.2296428605	2.206	0.256
20170610	2.0054991216	1.809	0.0	15.7	4.67	4.67	0.0	0.00	72.3	0.0	7.8	2.3	0.000	1.775824156	0.2296749656	1.795	0.210
20170611	1.6727692994	1.552	0.5	21.5	3.80	3.80	0.0	0.00	68.8	0.2	6.4	2.3	0.000	1.4430651147	0.2297041847	1.497	0.176
20170612	1.3630777080	1.316	0.0	22.7	4.80	4.86	0.0	0.00	64.0	0.0	5.0	2.3	0.000	1.1333469309	0.2297307771	1.219	0.144
20170613	1.1107188247	1.124	0.0	18.9	4.30	4.68	0.0	0.00	59.7	0.0	3.9	2.3	0.000	0.8809638458	0.2297549789	0.992	0.119
20170614	0.9050789783	1.042	0.0	13.4	5.41	6.32	0.0	0.00	54.3	0.0	3.0	2.3	0.000	0.6753019731	0.2297770052	0.807	0.098
20170615	0.7375093231	0.959	0.0	14.2	4.64	5.96	0.0	0.00	49.7	0.0	2.2	2.3	0.000	0.5077122718	0.2297970513	0.656	0.081
20170616	1.6531039086	2.700	19.8	13.0	3.02	3.72	0.0	0.00	60.8	5.7	6.3	2.3	0.000	1.4232886131	0.2298152955	1.530	0.123
20170617	1.3470633592	1.663	0.0	17.6	4.59	5.27	0.0	0.00	56.2	0.0	4.9	2.3	0.000	1.1172314597	0.2298318995	1.245	0.102
20170618	1.1134241141	1.247	0.3	21.3	3.73	4.63	0.0	0.00	52.7	0.1	3.9	2.3	0.000	0.8835771031	0.229847011	1.028	0.085
20170619	2.3939946391	4.466	24.9	20.5	4.00	4.57	0.0	0.00	65.5	8.0	9.5	2.3	0.000	2.1641338752	0.229860764	2.271	0.123
20170620	2.9687887614	4.345	14.0	17.0	5.59	5.59	0.0	0.00	68.5	5.5	12.1	2.3	0.000	2.7389154808	0.2298732806	2.837	0.132
20170621	2.4191938630	2.347	0.0	14.6	4.88	4.97	0.0	0.00	63.6	0.0	9.6	2.3	0.000	2.1893091909	0.2298846721	2.310	0.109
20170622	1.9713411783	1.783	0.0	15.9	3.24	3.56	0.0	0.00	60.3	0.0	7.7	2.3	0.000	1.7414461388	0.2298950395	1.881	0.090
20170623	3.1548710141	3.879	22.4	18.1	4.07	4.22	0.0	0.00	70.3	8.4	12.9	2.3	0.000	2.9249665391	0.229904475	3.047	0.108
20170624	4.8113356143	6.725	26.2	17.1	4.93	4.93	0.0	0.00	79.5	12.1	20.2	2.3	0.000	4.5814225521	0.2299130622	4.687	0.124
20170625	4.6667702745	3.687	8.1	15.4	5.62	5.62	0.0	0.00	77.9	4.0	19.5	2.3	0.000	4.436849397	0.2299208775	4.554	0.113
20170626	3.8028491955	3.073	0.0	13.5	5.45	5.45	0.0	0.00	72.5	0.0	15.7	2.3	0.000	3.5729212053	0.2299279902	3.710	0.093
20170627	3.6516669540	2.639	6.9	13.7	3.55	3.55	0.0	0.00	72.8	3.0	15.1	2.3	0.000	3.4217324904	0.2299344636	3.567	0.084
20170628	3.1324762593	2.674	2.0	12.3	3.68	3.68	0.0	0.00	70.3	0.8	12.8	2.3	0.000	2.9025359043	0.229940355	3.061	0.072
20170629	5.4014227294	5.470	32.3	13.3	2.80	2.80	0.0	0.00	84.4	15.4	22.8	2.3	0.000	5.1714770126	0.2299457168	5.318	0.084
20170630	4.6272471460	6.641	2.3	16.7	4.28	4.28	0.0	0.00	81.2	1.2	19.4	2.3	0.000	4.3972965494	0.2299505966	4.556	0.071
20170701	5.1048388680	6.016	13.7	17.6	3.87	3.87	0.0	0.00	83.8	7.2	21.5	2.3	0.000	4.8748838303	0.2299550377	5.036	0.069
20170702	4.2370655066	4.657	0.8	18.5	5.70	5.70	0.0	0.00	78.5	0.4	17.6	2.3	0.000	4.007106427	0.2299590796	4.180	0.057
20170703	3.6107025775	3.508	1.8	16.1	7.57	7.57	0.0	0.00	71.9	0.9	14.9	2.3	0.000	3.3807398194	0.2299627582	3.562	0.049
20170704	2.9422849721	2.884	0.0	16.0	7.29	7.29	0.0	0.00	64.6	0.0	11.9	2.3	0.000	2.712318866	0.229966106	2.902	0.040
20170705	2.3976053002	2.473	0.0	17.1	6.94	7.50	0.0	0.00	57.7	0.0	9.5	2.3	0.000	2.1676361473	0.2299691529	2.364	0.034
20170706	1.9537571398	2.130	0.0	18.8	5.60	6.78	0.0	0.00	52.1	0.0	7.6	2.3	0.000	1.7237852138	0.2299719259	1.926	0.028
20170707	1.7751489087	1.977	3.8	18.9	3.53	4.60	0.0	0.00	51.3	1.0	6.8	2.3	0.000	1.5451744591	0.2299744497	1.751	0.024
20170708	2.0174722755	2.504	11.2	17.4	3.04	3.83	0.0	0.00	56.4	3.1	7.9	2.3	0.000	1.787495529	0.2299767465	1.994	0.024
20170709	1.6968007854	2.159	1.0	16.3	3.23	3.97	0.0	0.00	53.9	0.3	6.5	2.3	0.000	1.4668219485	0.2299788369	1.677	0.020
20170710	1.3826866338	1.702	0.0	17.8	3.01	3.90	0.0	0.00	50.9	0.0	5.1	2.3	0.000	1.1527058944	0.2299807394	1.366	0.017
20170711	1.2416007762	1.526	2.5	19.5	4.02	5.42	0.0	0.00	48.8	0.6	4.5	2.3	0.000	1.0116183054	0.2299824708	1.227	0.015
20170712	1.0540214436	1.457	1.0	18.7	4.64	6.59	0.0	0.00	44.9	0.2	3.6	2.3	0.000	0.824037397	0.2299840466	1.042	0.013
20170713	1.3443286613	2.601	11.4	14.4	2.89	4.10	0.0	0.00	50.8	2.6	4.9	2.3	0.000	1.1143431806	0.2299854807	1.332	0.012
20170714	1.2961693758	2.126	4.3	13.4	1.27	1.69	0.0	0.00	52.7	1.1	4.7	2.3	0.000	1.0661825898	0.2299867859	1.285	0.011
20170715	1.0800252713	1.834	0.5	17.3	3.76	4.96	0.0	0.00	49.3	0.1	3.7	2.3	0.000	0.8500372974	0.2299879738	1.070	0.010
20170716	0.9145080812	1.358	0.8	18.8	4.35	6.11	0.0	0.00	45.6	0.2	3.0	2.3	0.000	0.6845190263	0.2299890549	0.906	0.008
20170717	1.1921609120	1.675	10.4	19.7	3.32	4.68	0.0	0.00	50.3	2.4	4.2	2.3	0.000	0.9621708732	0.2299900388	1.184	0.008
20170718	0.9936000084	1.485	0.5	19.7	3.79	5.25	0.0	0.00	46.8	0.1	3.4	2.3	0.000	0.7636090741	0.2299909343	0.986	0.007
20170719	0.8215942047	1.077	0.3	20.2	4.19	6.23	0.0	0.00	42.9	0.1	2.6	2.3	0.000	0.5916024555	0.2299917493	0.816	0.006
20170720	0.6799282986	0.887	0.3	19.9	3.72	6.04	0.0	0.00	39.4	0.1	2.0	2.3	0.000	0.4499358076	0.229992491	0.675	0.005
20170721	0.5540591066	0.718	0.0	19.6	4.02	7.11	0.0	0.00	35.4	0.0	1.4	2.3	0.000	0.3240659407	0.229993166	0.550	0.004
20170722	0.4592721210	0.594	0.3	18.6	2.90	5.71	0.0	0.00	32.7	0.0	1.0	2.3	0.000	0.2292783407	0.2299937803	0.455	0.004
20170723	0.3811629186	0.516	0.3	16.9	2.57	5.45	0.0	0.00	30.4	0.0	0.7	2.3	0.000	0.1511685792	0.2299943395	0.378	0.003
20170724	0.7271711051	1.085	15.2	12.5	2.33	4.41	0.0	0.00	41.0	2.3	2.2	2.3	0.000	0.4971762568	0.2299948483	0.723	0.004
20170725	0.6931351695	1.404	3.0	13.5	2.66	4.39	0.0	0.00	40.8	0.5	2.0	2.3	0.000	0.463139858	0.2299953114	0.690	0.003
20170726	0.5809604614	0.819	0.5	15.9	3.38	5.75	0.0	0.00	37.9	0.1	1.5	2.3	0.000	0.3509647285	0.2299957329	0.578	0.003
20170727	0.5021849244	0.717	1.0	16.8	2.67	4.87	0.0	0.00	36.1	0.2	1.2	2.3	0.000	0.2721888079	0.2299961165	0.500	0.003
20170728	0.4497349950	0.614	1.5	14.9	3.42	6.51	0.0	0.00	33.9	0.2	1.0	2.3	0.000	0.2197385294	0.2299964656	0.447	0.002
20170729	0.3664796168	0.451	0.0	14.7	2.45	5.05	0.0	0.00	31.5	0.0	0.6	2.3	0.000	0.1364828334	0.2299967833	0.364	0.002
20170730	0.2986365228	0.361	0.0	15.8	3.28	7.27	0.0	0.00	28.2	0.0	0.3	2.3	0.000	0.0686394503	0.2299970725	0.297	0.002
20170731	0.2616868090	0.335	1.0	18.3	1.28	3.12	0.0	0.00	27.8	0.1	0.1	2.3	0.000	0.0316894734	0.2299973357	0.260	0.002
20170801	0.2244778994	0.306	0.3	18.9	1.60	4.00	0.0	0.00	26.5	0.0	0.0	2.3	0.000	0.000	0.2244778994	0.223	0.001
20170802	0.2042984010	0.233	0.0	19.7	1.68	4.43	0.0	0.00	24.8	0.0	0.0	2.1	0.000	0.000	0.204298401	0.203	0.001
20170803	0.3839802115	0.809	11.2	19.8	2.73	6.39	0.0	0.00	32.1	1.2	0.8	2.1	0.000	0.1773713587	0.2066088528	0.383	0.001
20170804	0.3330008825	0.534	1.0	19.7	2.71	5.81	0.0	0.00	30.2	0.1	0.5	2.1	0.000	0.1242892765	0.208711606	0.332	0.001
20170805	1.6021173204	3.876	35.6	16.1	2.69	4.22	0.0	0.00	56.0	7.2	6.1	2.1	0.000	1.3914919888	0.2106253316	1.600	0.002
20170806	1.4523521657	1.810	2.8	13.7	5.07	6.21	0.0	0.00	52.9	0.8	5.5	2.2	0.000	1.2399851433	0.2123670224	1.451	0.002
20170807	1.3845428990	1.045	4.1	15.1	4.20	5.39	0.0	0.00	51.7	1.1	5.2	2.2	0.000	1.1705907555	0.2139521435	1.383	0.001
20170808	1.1965256073	0.939	1.5	15.0	4.87	6.51	0.0	0.00	47.9	0.4	4.3	2.2	0.000	0.9811308376	0.2153947697	1.195	0.001
20170809	1.0274938598	0.635	1.3	16.1	4.47	6.43	0.0	0.00	44.5	0.3	3.6	2.2	0.000	0.8107861492	0.2167077106	1.026	0.001
20170810	0.8543963439	0.474	0.5	18.1	2.62	4.09	0.0	0.00	42.3	0.1	2.8	2.2	0.000	0.6364937196	0.2179026244	0.853	0.001
20170811	0.7052785574	0.411	0.3	18.9	3.21	5.28	0.0	0.00	39.3	0.1	2.1	2.2	0.000	0.4862884363	0.2189901211	0.704	0.001
20170812	1.0782111255	0.846	13.7	18.5	2.11	3.28	0.0	0.00	48.2	2.7	3.8	2.2	0.000	0.8582312685	0.219979857	1.077	0.001
20170813	1.0543447900	0.794	4.1	16.4	2.38	3.34	0.0	0.00	48.9	1.0	3.7	2.2	0.000	0.8334641697	0.2208806203	1.054	0.001
20170814	0.8795497865	0.488	0.5	16.7	3.08	4.38	0.0	0.00	46.2	0.1	2.9	2.2	0.000	0.6578493773	0.2217004093	0.879	0.001
20170815	1.6375467775	1.252	19.1	17.7	3.41	4.47	0.0	0.00	56.9	5.0	6.2	2.3	0.000	1.4151002744	0.2224465031	1.637	0.001
20170816	1.3872403315	1.054	1.0	13.4	3.34	4.06	0.0	0.00	54.3	0.3	5.1	2.3	0.000	1.1641148048	0.2231255267	1.387	0.001
20170817	1.1297794732	0.559	0.0	14.0	2.91	3.74	0.0	0.00	51.4	0.0	4.0	2.3	0.000	0.906035964	0.2237435092	1.129	0.001
20170818	1.6969533871	1.676	14.7	15.0	2.00	2.46	0.0	0.00	59.9	4.2	6.5	2.3	0.000	1.472647449	0.2243059381	1.696	0.001
20170819	1.4578002507	1.056	1.3	18.5	4.68	5.41	0.0	0.00	56.1	0.4	5.4	2.3	0.000	1.2329824435	0.2248178072	1.457	0.001
20170820	1.2398242374	0.738	1.0	16.9	4.59	5.67	0.0	0.00	52.3	0.3	4.5	2.3	0.000	1.0145405756	0.2252836618	1.239	0.000
20170821	1.0333481465	0.521	0.5	18.8	3.73	4.97	0.0	0.00	48.9	0.1	3.6	2.3	0.000	0.8076405082	0.2257076382	1.033	0.000
20170822	1.1311941168	0.592	6.4	20.2	3.49	4.75	0.0	0.00	50.2	1.6	4.0	2.3	0.000	0.9051006157	0.2260935012	1.131	0.000
20170823	0.9435380918	0.589	0.5	15.4	4.03	5.58	0.0	0.00	46.6	0.1	3.2	2.3	0.000	0.7170934149	0.2264446769	0.943	0.000
20170824	0.7685315562	0.389	0.0	13.8	3.30	4.95	0.0	0.00	43.3	0.0	2.4	2.3	0.000	0.5417672726	0.2267642836	0.768	0.000
20170825	0.6259527037	0.340	0.0	12.4	2.45	3.94	0.0	0.00	40.8	0.0	1.8	2.3	0.000	0.3988975446	0.2270551591	0.626	0.000
20170826	0.5097957785	0.309	0.0	12.4	2.48	4.24	0.0	0.00	38.4	0.0	1.2	2.3	0.000	0.2824758921	0.2273198864	0.510	0.000
20170827	0.4151670576	0.263	0.0	13.2	2.80	5.09	0.0	0.00	35.6	0.0	0.8	2.3	0.000	0.1876062417	0.2275608159	0.415	0.000
20170828	0.3380789689	0.216	0.0	13.8	2.76	5.42	0.0	0.00	32.8	0.0	0.5	2.3	0.000	0.110298882	0.227780087	0.338	0.000
20170829	0.2752823243	0.198	0.0	13.0	1.91	4.06	0.0	0.00	30.9	0.0	0.2	2.3	0.000	0.0473026777	0.2279796466	0.275	0.000
20170830	0.2262034759	0.178	0.0	13.9	2.13	4.80	0.0	0.00	28.8	0.0	0.0	2.3	0.000	0.000	0.2262034759	0.226	0.000
20170831	0.2058688563	0.172	0.0	11.5	1.35	3.27	0.0	0.00	27.4	0.0	0.0	2.1	0.000	0.000	0.2058688563	0.206	0.000
20170901	0.1873622225	0.174	0.0	7.7	2.31	5.87	0.0	0.00	25.1	0.0	0.0	1.9	0.000	0.000	0.1873622225	0.187	0.000
20170902	0.1705192474	0.145	0.0	10.0	2.02	5.60	0.0	0.00	23.1	0.0	0.0	1.7	0.000	0.000	0.1705192474	0.170	0.000
20170903	1.0268374571	1.340	32.0	10.2	1.54	2.92	0.0	0.00	48.7	4.8	3.7	1.8	0.000	0.8509711722	0.1758662849	1.027	0.000
20170904	0.9976122040	1.861	3.8	14.7	3.51	4.88	0.0	0.00	48.1	0.9	3.6	1.8	0.000	0.8168795548	0.1807326492	0.997	0.000
20170905	1.5373992307	2.189	15.0	14.6	2.38	3.10	0.0	0.00	56.8	3.9	6.0	1.9	0.000	1.3522376804	0.1851615503	1.537	0.000
20170906	1.5605202048	1.723	5.6	12.8	1.90	2.26	0.0	0.00	58.8	1.7	6.0	1.9	0.000	1.3713278905	0.1891923143	1.560	0.000
20170907	1.6578975506	1.505	6.6	12.7	3.04	3.47	0.0	0.00	60.3	2.1	6.4	2.0	0.000	1.4650368189	0.1928607317	1.658	0.000
20170908	1.4058411969	1.122	1.0	11.4	2.63	3.03	0.0	0.00	58.3	0.3	5.3	2.0	0.000	1.2096418211	0.1961993758	1.406	0.000
20170909	1.2261951651	0.983	1.5	11.4	3.86	4.57	0.0	0.00	55.5	0.5	4.5	2.0	0.000	1.0269572736	0.1992378916	1.226	0.000
20170910	1.0635524164	0.746	1.3	11.8	2.86	3.57	0.0	0.00	53.6	0.4	3.8	2.0	0.000	0.8615491572	0.2020032592	1.063	0.000
20170911	0.8786475504	0.548	0.3	14.0	3.23	4.19	0.0	0.00	50.6	0.1	3.0	2.1	0.000	0.674127517	0.2045200334	0.879	0.000
20170912	0.7269794870	0.440	0.3	14.8	3.44	4.74	0.0	0.00	47.4	0.1	2.3	2.1	0.000	0.5201689254	0.2068105616	0.727	0.000
20170913	0.5901926702	0.368	0.0	16.3	3.13	4.62	0.0	0.00	44.2	0.0	1.7	2.1	0.000	0.3812974882	0.2088951821	0.590	0.000
20170914	0.4789263672	0.350	0.0	16.5	1.80	2.84	0.0	0.00	42.4	0.0	1.2	2.1	0.000	0.2681339621	0.2107924051	0.479	0.000
20170915	0.3884383697	0.308	0.0	19.5	2.37	3.90	0.0	0.00	40.1	0.0	0.8	2.2	0.000	0.1759192929	0.2125190768	0.388	0.000
20170916	0.3148659526	0.275	0.0	19.2	2.39	4.17	0.0	0.00	37.7	0.0	0.4	2.2	0.000	0.1007754237	0.2140905289	0.315	0.000
20170917	0.2550629190	0.257	0.0	18.3	2.18	4.05	0.0	0.00	35.5	0.0	0.2	2.2	0.000	0.0395422042	0.2155207149	0.255	0.000
20170918	0.2117936500	0.236	0.0	19.6	1.27	2.50	0.0	0.00	34.2	0.0	0.0	2.1	0.000	0.000	0.21179365	0.212	0.000
20170919	0.1927544054	0.217	0.0	18.2	0.81	1.65	0.0	0.00	33.4	0.0	0.0	2.0	0.000	0.000	0.1927544054	0.193	0.000
20170920	0.1754266986	0.201	0.0	18.3	1.95	4.07	0.0	0.00	31.5	0.0	0.0	1.8	0.000	0.000	0.1754266986	0.175	0.000
20170921	0.1628149214	0.166	0.3	17.6	2.25	4.97	0.0	0.00	29.5	0.0	0.0	1.6	0.000	0.000	0.1628149214	0.163	0.000
20170922	0.1481786322	0.131	0.0	16.6	1.75	4.13	0.0	0.00	27.7	0.0	0.0	1.5	0.000	0.000	0.1481786322	0.148	0.000
20170923	0.1348580759	0.125	0.0	17.7	1.44	3.62	0.0	0.00	26.3	0.0	0.0	1.4	0.000	0.000	0.1348580759	0.135	0.000
20170924	0.1227349746	0.118	0.0	21.6	1.55	4.12	0.0	0.00	24.7	0.0	0.0	1.2	0.000	0.000	0.1227349746	0.123	0.000
20170925	0.1117016825	0.119	0.0	22.5	1.62	4.57	0.0	0.00	23.1	0.0	0.0	1.1	0.000	0.000	0.1117016825	0.112	0.000
20170926	0.1016602310	0.147	0.0	22.2	1.30	3.92	0.0	0.00	21.8	0.0	0.0	1.0	0.000	0.000	0.101660231	0.102	0.000
20170927	0.1049756513	0.121	2.0	22.1	1.24	3.79	0.0	0.00	22.4	0.1	0.0	1.1	0.000	0.000	0.1049756513	0.105	0.000
20170928	0.1051806225	0.141	1.5	13.0	1.47	4.44	0.0	0.00	22.4	0.1	0.0	1.1	0.000	0.000	0.1051806225	0.105	0.000
20170929	0.0957253834	0.133	0.0	8.1	1.35	4.22	0.0	0.00	21.0	0.0	0.0	1.0	0.000	0.000	0.0957253834	0.096	0.000
20170930	0.0888276469	0.147	0.3	6.8	0.56	1.84	0.0	0.00	20.7	0.0	0.0	0.9	0.000	0.000	0.0888276469	0.089	0.000
