Pot.Evap (mm/d)
0.767644733
0.844897755
0.527950164
0.764105229
1.253937541
0.637916528
0.703014405
0.84924534
0.585951032
0.37393705
1.444700488
0.35001592
1.534838318
0.866015231
0.733608037
0.514250316
1.264704531
0.401844834
0.665978185
0.912123785
0.900131537
1.012759845
1.065037859
0.981074166
1.194923547
0.775645008
1.474085906
1.33075215
0.99871745
1.155316877
0.952032955
0.760279162
0.847197551
0.427769968
0.934822329
0.87363978
0.976254754
0.480897589
0.790996301
0.50439349
0.535231828
0.300076287
0.346108094
0.486638611
0.672768727
0.296240097
0.388570054
1.209433621
1.163686869
1.583928195
0.86709054
1.108927272
1.45027031
1.004664159
0.34257984
0.410906769
1.301863292
1.370772132
1.260504566
0.663652291
0.592284957
0.687313392
0.481557624
0.900271866
0.937264761
0.208598328
1.153719037
1.180383233
0.536993539
0.696296402
1.077493578
1.412104274
0.450006823
0.270469992
1.047472407
0.988471129
0.980268773
1.166003905
1.306237018
1.20611223
1.127991175
0.994826132
0.376274514
0.431787983
1.244324101
0.500074352
0.258635753
0.933757284
1.909592991
1.40054417
0.598744969
0.739795084
1.199728004
0.390035181
0.793873968
0.603920782
0.224647604
0.750330186
1.574548493
1.858154742
1.218746724
0.541113438
1.572371202
1.952944309
2.10236876
2.398765576
2.569399069
2.276469165
1.345339937
1.833732867
1.762143876
1.259322986
2.254182601
2.320072323
1.457128247
0.33253433
1.387112836
2.268136188
2.259991694
2.081580589
0.814122944
0.456205292
1.362508237
1.644178392
0.935410277
1.664011772
1.149740053
0.81564645
1.577533763
2.739309534
3.018708889
3.238757328
1.596086013
1.825581966
0.950192917
2.187866937
3.440817399
4.013394911
2.390715225
3.387353751
2.862404178
1.401071254
3.323555559
1.741025653
2.235815769
2.727503706
2.719877642
3.526480896
1.308043561
1.676560704
3.015487786
4.969821167
4.090293028
3.257188816
3.811694438
0.776438241
2.915664645
4.046558326
5.544210943
3.054708369
4.673027011
3.798341245
4.860880844
4.684917681
6.315745684
5.961999635
3.71703132
5.269411028
4.627423801
4.5653531
5.593535367
4.971625361
3.557182042
4.217268714
4.925127155
5.619993318
5.448161295
3.545843152
3.683829394
2.804396212
4.278955636
3.874418536
5.695939174
7.573256969
7.294440777
7.495387881
6.778232909
4.604914627
3.830474794
3.966725049
3.900257591
5.415283667
6.590063528
4.098808052
1.692967679
4.961867875
6.10985934
4.677386241
5.247321387
6.233305192
6.044232041
7.114473585
5.707856418
5.452241744
4.40837393
4.392364187
5.748236708
4.865243479
6.509329648
5.048604012
7.271029043
3.119957552
4.003183112
4.430595745
6.388100122
5.809834139
4.220554826
6.211203858
5.3930251
6.507078798
6.432117045
4.089501573
5.281079914
3.284156901
3.336791838
4.38008814
4.466069269
4.063836941
3.735686252
2.464947045
5.409497762
5.670124269
4.966707692
4.74957223
5.57575488
4.949215004
3.943186366
4.240159837
5.09383286
5.417323796
4.062368526
4.803717305
3.273943621
5.874028772
5.603100614
2.921665482
4.877676344
3.101379712
2.256925467
3.469598592
3.028999334
4.573013326
3.566954615
4.191011657
4.740478203
4.616391568
2.842848602
3.903720616
4.168076394
4.045493576
2.499198006
1.64967822
4.070649204
4.968757134
4.134779847
3.616521022
4.116459914
4.572011484
3.923755269
3.790735561
4.444903786
4.220681384
1.84021321
2.267794982
1.679590922
1.905925605
1.899285679
2.295342052
2.772435464
2.042817033
1.797547174
1.193113432
2.072954294
2.161435895
2.337671859
1.577344427
1.742993794
2.164548736
2.105487111
2.296891858
1.085533685
2.012306503
1.333880452
1.342735644
1.124317488
0.915569364
1.967352267
1.537602728
1.439033482
1.050822134
0.971682282
1.721910526
1.038667741
1.32402417
0.842158934
1.502748812
1.045256919
1.257303564
1.507553955
1.596408362
1.531550718
1.659844266
0.952728882
1.353356946
0.938176562
1.300648065
1.494425762
1.563013443
1.238928885
0.982965336
0.80804903
1.220149095
1.07229535
0.68653887
1.248015685
1.075070514
0.939002827
0.375553473
0.52299815
0.484581777
1.193226337
1.052501961
0.293459118
0.218011922
0.651248472
0.720987269
1.309285012
1.151055824
0.851283582
0.94823695
1.203381586
0.414230359
0.679391367
0.743652936
0.653541368
0.327157058
0.876830374
0.643100364
0.541510021
0.947244363
0.601204172
1.019356051
0.821857913
0.3621801
0.580130102
0.243713046
1.005731017
1.042191741
1.273559532
1.475457109
0.735798496
0.691302321
0.255975397
1.097122436
0.603582284