Date	Qsim	Qobs	Precipitation	Temperature	AET	PET	Snow	Snowcover	SM	Recharge	SUZ	SLZ	Q0	Q1	Q2	Qsim_rain	Qsim_snow
20151001	1.194982067	0.558	0	7.9	2.27	2.27	0	0	69.7	0	8.7	4.1	0	0.990711232	0.204270835	2.39	0
20151002	0.952271671	0.296	0	5.9	1.68	1.68	0	0	68	0	6.4	4.5	0	0.727708855	0.224562816	1.904	0
20151003	0.756424181	0.226	0	6.2	1.86	1.91	0	0	66.2	0	4.5	4.9	0	0.513393536	0.243030645	1.513	0
20151004	0.598590619	0.188	0	6.4	1.8	1.9	0	0	64.4	0	3	5.3	0	0.338752316	0.259838303	1.197	0
20151005	0.47157575	0.17	0	7.3	2.12	2.3	0	0	62.3	0	1.7	5.6	0	0.196440717	0.275135033	0.943	0
20151006	0.372597805	0.1595	0.1	8.6	2.47	2.77	0	0	59.8	0	0.7	5.9	0	0.083541146	0.289056659	0.745	0
20151007	0.29612986	0.157	0	10.8	1.75	2.04	0	0	58.1	0	0	6	0	0	0.29612986	0.592	0
20151008	0.26950919	0.154	0	7.1	1.5	1.8	0	0	56.6	0	0	5.5	0	0	0.26950919	0.539	0
20151009	0.727709825	0.598	17.1	7.1	1.07	1.19	0	0	67	5.7	3.9	5.7	0	0.443773272	0.283936553	1.455	0
20151010	0.589373663	0.364	0.3	4.9	1.99	2.07	0	0	65.2	0.1	2.6	6	0	0.292306699	0.297066964	1.179	0
20151011	0.467610137	0.2665	0	9.3	2.02	2.16	0	0	63.2	0	1.4	6.3	0	0.158593123	0.309017013	0.935	0
20151012	0.369525444	0.2335	0	13.4	2.12	2.34	0	0	61	0	0.4	6.5	0	0.049632634	0.31989281	0.739	0
20151013	0.444506029	0.2345	5	13.2	1.42	1.58	0	0	63	1.7	1	6.7	0	0.114715105	0.329790924	0.889	0
20151014	0.510382225	0.333	4.9	6	1.61	1.74	0	0	64.5	1.7	1.5	6.9	0	0.17158298	0.338799245	1.021	0
20151015	0.407215566	0.2695	0	6.4	2	2.16	0	0	62.5	0	0.5	7	0	0.060217806	0.34699776	0.814	0
20151016	0.392586747	0.2765	2.2	4.2	1.91	2.11	0	0	62.1	0.7	0.3	7.2	0	0.03812748	0.354459268	0.785	0
20151017	0.337682466	0.297	7.2	-0.6	2.04	2.3	4.1	1	60	0	0	6.8	0	0	0.337682466	0.675	0
20151018	0.307326414	0.282	0.8	-3.3	0	1.09	4.5	1	60	0	0	6.2	0	0	0.307326414	0.615	0
20151019	0.279699227	0.258	0.8	-2.3	0	2.01	5	1	60	0	0	5.7	0	0	0.279699227	0.559	0
20151020	0.375151888	0.2845	0.4	7.1	0	1.33	0	0	63.7	1.7	0.7	5.9	0	0.081941334	0.293210554	0.732	0.018
20151021	0.32123927	0.264	0.9	9.6	1.23	1.34	0	0	63	0.3	0.1	6.2	0	0.015731994	0.305507276	0.629	0.014
20151022	0.299444365	0.2475	1	10.5	1.02	1.12	0	0	62.7	0.3	0	6.1	0	0	0.299444365	0.586	0.013
20151023	0.277038987	0.2295	0.3	1.8	0.82	0.92	0	0	62	0.1	0	5.6	0	0	0.277038987	0.541	0.013
20151024	0.252134496	0.208	0	1.6	1.75	1.97	0	0	60.3	0	0	5.1	0	0	0.252134496	0.493	0.012
20151025	0.302254939	0.2595	3.8	6.4	1.36	1.54	0	0	61.5	1.2	0.3	5.4	0	0.034131178	0.268123761	0.584	0.021
20151026	0.269224699	0.238	0.8	1.8	1.27	1.44	0	0	60.8	0.3	0	5.5	0	0	0.269224699	0.52	0.018
20151027	0.245022676	0.216	0	2.4	0.92	1.05	0	0	59.9	0	0	5	0	0	0.245022676	0.474	0.016
20151028	0.778623775	0.472	18	3.1	0.91	0.97	0	0	70.5	6.4	4.6	5.3	0	0.516972515	0.26165126	1.484	0.073
20151029	1.308157143	1.963	16.9	10.5	1.72	1.72	0	0	78.2	7.5	9.1	5.6	0	1.03137213	0.276785013	2.501	0.116
20151030	1.051400912	0.716	1.5	1.2	1.04	1.04	0.8	1	77.2	0	6.7	5.9	0	0.760842598	0.290558314	2.01	0.092
20151031	0.879461589	0.515	0	1.8	0	1.32	0	0	77.6	0.4	5.1	6.1	0	0.576368129	0.30309346	1.681	0.077
20151101	0.743220277	0.4655	0.9	5.2	0.84	0.84	0	0	77.3	0.4	3.8	6.4	0	0.428718521	0.314501756	1.421	0.066
20151102	0.615957404	0.414	0.5	5.7	1.5	1.5	0	0	76	0.2	2.6	6.6	0	0.291072904	0.3248845	1.178	0.054
20151103	0.496082492	0.3965	0.1	8.2	1.05	1.05	0	0	75.1	0	1.4	6.8	0	0.161748607	0.334333885	0.949	0.043
20151104	0.395137789	0.373	0	7.5	1.26	1.26	0	0	73.8	0	0.5	6.9	0	0.052203974	0.342933815	0.756	0.034
20151105	0.332763299	0.368	0	11.9	1.51	1.51	0	0	72.3	0	0	6.7	0	0	0.332763299	0.637	0.029
20151106	0.304719969	0.3605	0.1	14.4	1.6	1.6	0	0	70.8	0	0	6.2	0	0	0.304719969	0.583	0.026
20151107	0.306430573	0.346	1.6	6.7	1.53	1.53	0	0	70.2	0.6	0	6.2	0	0	0.306430573	0.586	0.027
20151108	0.278883918	0.3455	0.6	1.1	1.66	1.66	0.3	1	68.5	0	0	5.6	0	0	0.278883918	0.533	0.024
20151109	0.259641471	0.33	0	3.9	0	0.95	0	0	68.7	0.1	0	5.3	0	0	0.259641471	0.497	0.023
20151110	0.236300934	0.318	0	5.1	1.33	1.35	0	0	67.4	0	0	4.8	0	0	0.236300934	0.452	0.021
20151111	0.223462387	0.321	0.5	6.2	0.91	0.94	0	0	66.8	0.2	0	4.5	0	0	0.223462387	0.427	0.02
20151112	0.518145865	0.43	9.8	5.4	1.3	1.3	0	0	71.5	3.8	2.4	4.9	0	0.276116725	0.242029139	0.988	0.048
20151113	0.880863804	0.864	11.8	3.6	1.49	1.49	0	0	76.6	5.1	5.5	5.2	0	0.621936976	0.258926828	1.685	0.077
20151114	0.701507665	0.877	4.9	-1.4	1.56	1.56	2.8	1	75	0	3.8	5.6	0	0.42720217	0.274305495	1.342	0.061
20151115	0.556818407	0.5695	0.2	0.3	0	1.24	2.9	1	75	0	2.4	5.8	0	0.268516715	0.288301692	1.065	0.049
20151116	0.440246845	0.5525	1	0.3	0	0.98	3.4	1	75	0	1.2	6.1	0	0.139207146	0.301039698	0.842	0.038
20151117	0.346468011	0.489	0	-0.8	0	0.81	3.4	1	75	0	0.3	6.3	0	0.033835394	0.312632618	0.663	0.03
20151118	0.297917414	0.438	0	0.7	0	1.22	3.4	1	75	0	0	6	0	0	0.297917414	0.57	0.026
20151119	0.642285826	0.4545	6.2	5.3	0	1.07	0	0	80.2	4.5	2.9	6.3	0	0.332494813	0.309791012	1.204	0.081
20151120	0.870830211	1.224	7.7	2.6	0.69	0.69	0	0	83.4	3.9	4.8	6.5	0	0.550232981	0.32059723	1.629	0.113
20151121	0.699204055	0.691	0	-0.1	1.25	1.25	0	0	82.1	0	3.2	6.7	0	0.368772035	0.33043202	1.309	0.089
20151122	0.569640973	0.5885	0.2	2.4	1.08	1.08	0	0	81.1	0.1	2	6.9	0	0.230258264	0.339382709	1.068	0.071
20151123	0.455559882	0.516	1.6	-5.1	0.94	0.94	0.9	1	80.2	0	1	7	0	0.108031108	0.347528774	0.855	0.056
20151124	0.363373217	0.4515	0	-7	0	0.38	0.9	1	80.2	0	0.1	7.2	0	0.008430671	0.354942546	0.683	0.043
20151125	0.326370991	0.452	0	-3.3	0	0.52	0.9	1	80.2	0	0	6.6	0	0	0.326370991	0.614	0.039
20151126	0.297031787	0.4515	0	1.1	0	0.48	0.9	1	80.2	0	0	6	0	0	0.297031787	0.559	0.035
20151127	0.311031791	0.459	0.9	5.7	0	1.19	0	0	81.1	0.9	0	6.3	0	0.002046792	0.308984999	0.583	0.039
20151128	0.282018648	0.505	1.2	0.3	1.05	1.05	0.7	1	80.1	0	0	5.7	0	0	0.282018648	0.529	0.035
20151129	0.256666509	0.4515	0.6	-5.4	0	0.29	1	1	80.1	0	0	5.2	0	0	0.256666509	0.482	0.032
20151130	0.233593407	0.3965	0.1	-6.7	0	0.22	1.1	1	80.1	0	0	4.7	0	0	0.233593407	0.438	0.029
20151201	0.212594468	0.443	8.2	-4.3	0	0.65	5.7	1	80.1	0	0	4.3	0	0	0.212594468	0.399	0.026
20151202	1.136271002	1.575	19.8	1.5	0	0.72	5.4	1	89.5	10.6	8	4.7	0	0.904132808	0.232138194	2.115	0.157
20151203	0.90708288	1.4115	9.4	1.1	0	1.31	10.7	1	89.5	0	5.8	5.1	0	0.657157848	0.249925032	1.689	0.125
20151204	0.722015864	0.878	3.3	-0.6	0	1.15	12.6	1	89.5	0	4	5.4	0	0.455902947	0.266112917	1.345	0.099
20151205	0.572749986	0.8205	0.8	0.4	0	0.85	13	1	89.5	0	2.6	5.7	0	0.291904397	0.280845589	1.067	0.079
20151206	0.452519159	0.7595	0	-0.1	0	0.95	13	1	89.5	0	1.4	6	0	0.158265296	0.294253863	0.843	0.062
20151207	0.355822291	0.7075	0	-0.7	0	1.2	13	1	89.5	0	0.4	6.2	0	0.049365494	0.306456797	0.663	0.048
20151208	0.298442179	0.6785	0.5	-2.1	0	0.41	13.3	1	89.5	0	0	6	0	0	0.298442179	0.557	0.04
20151209	0.271613642	0.673	0	0.4	0	0.68	13.3	1	89.5	0	0	5.5	0	0	0.271613642	0.507	0.037
20151210	0.808908681	0.7425	0	4.2	0	0.74	2.4	1	93.9	6.5	4.6	5.8	0	0.523056856	0.285851825	1.391	0.226
20151211	0.78426192	0.7775	0	5.2	0	0.65	0	0	94.8	1.5	4.3	6.1	0	0.485451859	0.298810062	1.341	0.228
20151212	0.644054775	0.7055	0.3	3.6	0.33	0.33	0	0	94.6	0.2	2.9	6.3	0	0.33345136	0.310603415	1.105	0.183
20151213	0.530865266	0.6415	0.3	1.4	0.88	0.88	0	0	93.8	0.2	1.8	6.5	0	0.209528664	0.321336602	0.914	0.148
20151214	0.50838922	0.625	1.5	3.7	0.64	0.64	0	0	93.8	0.9	1.6	6.7	0	0.177284294	0.331104926	0.872	0.145
20151215	1.017210012	1.1135	10.4	3.7	0.54	0.54	0	0	97	6.6	6	6.9	0	0.677214888	0.339995124	1.715	0.319
20151216	0.820333159	0.851	0.8	-1.5	0.95	0.95	0.5	1	96.1	0	4.2	7	0	0.472247023	0.348086135	1.387	0.254
20151217	1.006825506	0.802	5.3	2.1	0	0.6	0	0	98.1	3.7	5.7	7.2	0	0.651375703	0.355449803	1.698	0.316
20151218	0.92393528	1.0445	1.8	1.3	1.02	1.02	0	0	97.7	1.2	4.9	7.3	0	0.561783768	0.362151512	1.559	0.289
20151219	0.746435307	0.805	5.8	-4.2	0.82	0.82	3.3	1	96.8	0	3.3	7.5	0	0.378184537	0.36825077	1.262	0.231
20151220	0.60237497	0.7365	0.5	-6.5	0	0.36	3.6	1	96.8	0	2	7.6	0	0.228573237	0.373801733	1.02	0.185
20151221	0.485511704	0.723	1.3	-3.4	0	0.58	4.3	1	96.8	0	0.9	7.7	0	0.106658014	0.37885369	0.824	0.147
20151222	1.979255262	2.369	20.6	2.7	0	0.24	0	0	104.6	17.2	14	7.8	0	1.595803761	0.383451501	3.322	0.637
20151223	2.149425798	1.8135	7.9	4.8	1.01	1.01	0	0	105.6	5.8	15.5	7.8	0	1.761789808	0.38763599	3.618	0.681
20151224	2.381134921	2.748	9.1	7.1	1.04	1.04	0	0	106.8	6.8	17.5	7.9	0	1.989690608	0.391444314	4.031	0.731
20151225	1.936667235	1.6775	0	3.7	1.27	1.27	0	0	105.5	0	13.6	8	0	1.541756948	0.394910287	3.279	0.594
20151226	1.574809552	1.411	0	-0.1	1.48	1.48	0	0	104.1	0	10.4	8.1	0	1.176744866	0.398064686	2.667	0.483
20151227	1.28023942	2.1525	11.7	-1.5	0.74	0.74	6.6	1	103.3	0	7.7	8.1	0	0.879303901	0.400935519	2.168	0.392
20151228	1.040473552	1.6785	1.8	-8.5	0	0.69	7.6	1	103.3	0	5.6	8.2	0	0.636925274	0.403548278	1.762	0.319
20151229	0.845341994	1.531	26.9	-8.4	0	0.26	22.8	1	103.3	0	3.9	8.2	0	0.439415831	0.405926162	1.432	0.259
20151230	0.686559667	1.3675	3.3	-4	0	1.1	24.6	1	103.3	0	2.5	8.3	0	0.27846938	0.408090286	1.163	0.21
20151231	0.557377238	1.3215	3.3	-1.4	0	0.6	26.5	1	103.3	0	1.3	8.3	0	0.147317372	0.410059866	0.945	0.17
20160101	0.452296642	1.25	2.8	-3.1	0	0.77	28.1	1	103.3	0	0.4	8.3	0	0.040444253	0.411852389	0.767	0.138
20160102	0.390832987	1.1695	0.8	-4.5	0	0.84	28.5	1	103.3	0	0	7.9	0	0	0.390832987	0.662	0.119
20160103	0.355698955	1.1125	1.8	-5	0	0.53	29.5	1	103.3	0	0	7.2	0	0	0.355698955	0.603	0.108
20160104	0.323723306	1.0575	1	-13.8	0	0.76	30.1	1	103.3	0	0	6.6	0	0	0.323723306	0.549	0.099
20160105	0.294622116	1.011	0.3	-17.5	0	1.25	30.3	1	103.3	0	0	6	0	0	0.294622116	0.499	0.09
20160106	0.268136986	0.9595	0	-10.3	0	0.64	30.3	1	103.3	0	0	5.4	0	0	0.268136986	0.455	0.082
20160107	0.244032742	0.9	0	-5.6	0	0.7	30.3	1	103.3	0	0	4.9	0	0	0.244032742	0.414	0.074
20160108	0.222095356	0.8765	0	-5.2	0	0.85	30.3	1	103.3	0	0	4.5	0	0	0.222095356	0.376	0.068
20160109	0.202130037	0.8635	0	-0.6	0	0.59	30.3	1	103.3	0	0	4.1	0	0	0.202130037	0.343	0.062
20160110	2.349138207	3.4245	31.5	2	0	0.37	30.3	1	110.9	23.8	18.7	4.5	0	2.126523741	0.222614466	4.098	0.6
20160111	1.894516943	2.777	1.8	-5.9	0	1.44	31.4	1	110.9	0	14.6	4.9	0	1.653259501	0.241257442	3.304	0.485
20160112	1.525830545	1.568	0.3	-7.2	0	0.35	31.5	1	110.9	0	11.2	5.2	0	1.267606042	0.258224503	2.66	0.391
20160113	1.227011142	1.3095	3.3	-13.2	0	1.53	33.4	1	110.9	0	8.4	5.5	0	0.953344836	0.273666305	2.138	0.316
20160114	0.984979697	1.1835	0.5	-13.2	0	0.87	33.7	1	110.9	0	6.1	5.8	0	0.697259735	0.287719963	1.716	0.254
20160115	0.789091427	1.103	0	-9.7	0	0.73	33.7	1	110.9	0	4.3	6.1	0	0.488581163	0.300510263	1.374	0.204
20160116	0.630683992	1.062	4.6	-2.6	0	0.51	36.3	1	110.9	0	2.8	6.3	0	0.318533215	0.312150776	1.097	0.164
20160117	0.502709444	1.008	0.3	-7.1	0	1.26	36.4	1	110.9	0	1.6	6.5	0	0.179964581	0.322744863	0.874	0.131
20160118	0.399434394	0.939	5.3	-11.7	0	0.4	39.4	1	110.9	0	0.6	6.7	0	0.067047803	0.332386591	0.694	0.105
20160119	0.329038064	0.8825	2	-15.4	0	0.67	40.5	1	110.9	0	0	6.7	0	0	0.329038064	0.571	0.087
20160120	0.299459103	0.8185	1.3	-12	0	0.91	41.3	1	110.9	0	0	6.1	0	0	0.299459103	0.52	0.079
20160121	0.27253915	0.778	0.8	-13.8	0	0.9	41.7	1	110.9	0	0	5.5	0	0	0.27253915	0.473	0.072
20160122	0.248039173	0.729	0	-11.8	0	1.01	41.7	1	110.9	0	0	5	0	0	0.248039173	0.431	0.066
20160123	0.225741628	0.6915	0	-11	0	1.07	41.7	1	110.9	0	0	4.6	0	0	0.225741628	0.392	0.06
20160124	0.205448526	0.634	0	-10.1	0	0.98	41.7	1	110.9	0	0	4.2	0	0	0.205448526	0.357	0.054
20160125	0.186979678	0.586	0	-6	0	1.19	41.7	1	110.9	0	0	3.8	0	0	0.186979678	0.325	0.049
20160126	0.170171092	0.578	1.8	-1.8	0	0.78	42.7	1	110.9	0	0	3.4	0	0	0.170171092	0.295	0.045
20160127	0.154873518	0.5745	0.8	-5.7	0	1.47	43.2	1	110.9	0	0	3.1	0	0	0.154873518	0.269	0.041
20160128	0.140951123	0.561	0.3	-6.9	0	1.33	43.4	1	110.9	0	0	2.9	0	0	0.140951123	0.245	0.037
20160129	0.128280286	0.5325	0	-3.2	0	1	43.4	1	110.9	0	0	2.6	0	0	0.128280286	0.223	0.034
20160130	0.116748497	0.514	0	-4.9	0	1.16	43.4	1	110.9	0	0	2.4	0	0	0.116748497	0.203	0.031
20160131	0.10625336	0.4935	0	-0.2	0	0.95	43.4	1	110.9	0	0	2.2	0	0	0.10625336	0.184	0.028
20160201	0.096701687	0.657	0	2.1	0	0.76	43.4	1	110.9	0	0	2	0	0	0.096701687	0.168	0.026
20160202	0.088008664	0.628	0	-3.8	0	0.85	43.4	1	110.9	0	0	1.8	0	0	0.088008664	0.153	0.023
20160203	0.080097103	0.99	11.4	-1.8	0	0.43	49.8	1	110.9	0	0	1.6	0	0	0.080097103	0.139	0.021
20160204	0.072896753	1.1255	0.5	1.2	0	0.93	50.1	1	110.9	0	0	1.5	0	0	0.072896753	0.127	0.019
20160205	0.066343681	0.8	0.3	-5.4	0	0.87	50.2	1	110.9	0	0	1.3	0	0	0.066343681	0.115	0.018
20160206	0.060379699	0.6465	0	-5.5	0	0.98	50.2	1	110.9	0	0	1.2	0	0	0.060379699	0.105	0.016
20160207	0.05495185	0.579	0	-3.7	0	0.48	50.2	1	110.9	0	0	1.1	0	0	0.05495185	0.095	0.015
20160208	0.050011939	0.5145	1.5	-7.1	0	0.79	51.1	1	110.9	0	0	1	0	0	0.050011939	0.087	0.013
20160209	0.045516103	0.458	3.3	-6.8	0	0.5	52.9	1	110.9	0	0	0.9	0	0	0.045516103	0.079	0.012
20160210	0.041424421	0.447	1	-4.8	0	0.54	53.5	1	110.9	0	0	0.8	0	0	0.041424421	0.072	0.011
20160211	0.037700562	0.4355	1	-14.5	0	0.3	54.1	1	110.9	0	0	0.8	0	0	0.037700562	0.065	0.01
20160212	0.034311461	0.4225	0	-16.6	0	0.35	54.1	1	110.9	0	0	0.7	0	0	0.034311461	0.06	0.009
20160213	0.031227023	0.419	1.3	-21.1	0	0.49	54.8	1	110.9	0	0	0.6	0	0	0.031227023	0.054	0.008
20160214	0.028419862	0.415	0	-25.3	0	0.67	54.8	1	110.9	0	0	0.6	0	0	0.028419862	0.049	0.008
20160215	0.025865051	0.4115	0	-17.7	0	0.3	54.8	1	110.9	0	0	0.5	0	0	0.025865051	0.045	0.007
20160216	0.023539906	1.7345	29.7	-1.9	0	0.39	71.5	1	110.9	0	0	0.5	0	0	0.023539906	0.041	0.006
20160217	0.02142378	1.6075	0	-4.7	0	1.21	71.5	1	110.9	0	0	0.4	0	0	0.02142378	0.037	0.006
20160218	0.019497884	0.7785	0	-10.4	0	1.16	71.5	1	110.9	0	0	0.4	0	0	0.019497884	0.034	0.005
20160219	0.017745116	0.6645	4.8	-8.5	0	1.58	74.2	1	110.9	0	0	0.4	0	0	0.017745116	0.031	0.005
20160220	0.016149915	0.6105	11.2	-0.5	0	0.87	80.6	1	110.9	0	0	0.3	0	0	0.016149915	0.028	0.004
20160221	0.014698114	0.661	2.3	-2.5	0	1.11	81.9	1	110.9	0	0	0.3	0	0	0.014698114	0.026	0.004
20160222	0.013376823	0.6115	0.3	-10.1	0	1.45	82	1	110.9	0	0	0.3	0	0	0.013376823	0.023	0.004
20160223	0.01217431	0.554	0	-9.6	0	1	82	1	110.9	0	0	0.2	0	0	0.01217431	0.021	0.003
20160224	0.011079897	1.277	32.5	-1.9	0	0.34	100.3	1	110.9	0	0	0.2	0	0	0.011079897	0.019	0.003
20160225	1.477715867	6.955	28.7	1.6	0	0.41	109.1	1	114.5	16.3	12.6	1	0	1.42897704	0.048738828	2.623	0.332
20160226	1.167855198	2.518	1	-9.5	0	1.3	109.7	1	114.5	0	9.6	1.7	0	1.084842799	0.083012399	2.073	0.263
20160227	0.918619704	1.8095	0	-8.6	0	1.37	109.7	1	114.5	0	7.1	2.3	0	0.804414766	0.114204938	1.631	0.207
20160228	0.718493048	1.5425	1	1.4	0	1.26	110.7	1	114.5	0	5.1	2.9	0	0.575899631	0.142593417	1.275	0.162
20160229	0.82683098	1.5785	4.8	1.7	0	1.26	112	1	115.1	2.9	5.8	3.4	0	0.658401074	0.168429905	1.467	0.187
20160301	0.648859843	1.4455	0.3	-7.6	0	0.66	112.2	1	115.1	0	4	3.9	0	0.456916027	0.191943816	1.151	0.146
20160302	0.506073874	1.28	13.7	-7.6	0	0.59	119.9	1	115.1	0	2.6	4.3	0	0.292729936	0.213343938	0.898	0.114
20160303	0.391758301	1.184	0.3	-14.5	0	0.69	120.1	1	115.1	0	1.4	4.7	0	0.158938011	0.23282029	0.695	0.088
20160304	0.300459487	1.102	0	-13	0	0.48	120.1	1	115.1	0	0.4	5.1	0	0.049913676	0.250545811	0.533	0.068
20160305	0.247774246	0.992	0	-10.4	0	0.9	120.1	1	115.1	0	0	5	0	0	0.247774246	0.44	0.056
20160306	0.225500516	0.9105	0	-5.6	0	0.94	120.1	1	115.1	0	0	4.6	0	0	0.225500516	0.4	0.051
20160307	0.20522909	0.8955	2.8	-3.1	0	0.21	121.7	1	115.1	0	0	4.2	0	0	0.20522909	0.364	0.046
20160308	0.186779968	0.896	0	3.1	0	1.15	121.7	1	115.1	0	0	3.8	0	0	0.186779968	0.331	0.042
20160309	2.321874927	1.748	0	8.8	0	1.18	94.3	1	118.7	23.7	18.6	4.2	0	2.113230632	0.208644295	3.384	1.26
20160310	4.17018852	4.796	15.5	4.1	0	0.54	82.3	1	121.4	24.8	34.7	4.6	0	3.941645397	0.228543123	5.792	2.549
20160311	3.379018576	4.293	1.5	-0.8	0	0.7	83.1	1	121.4	0	27.6	5	0	3.132365435	0.246653141	4.699	2.059
20160312	3.429078386	3.311	0	3.3	0	1.08	75	1	122.1	7.5	27.9	5.3	0	3.165943232	0.263135154	4.694	2.165
20160313	3.230114394	3.3395	0	2.5	0	1.41	69.7	1	122.5	4.9	26	5.6	0	2.951978882	0.278135512	4.365	2.095
20160314	2.617693613	2.7085	4.8	-1.4	0	0.45	72.4	1	122.5	0	20.5	5.9	0	2.325906204	0.291787409	3.543	1.692
20160315	2.907998948	2.6945	1.3	3.3	0	0.27	64.6	1	123.1	8.5	22.9	6.2	0	2.603786883	0.304212066	3.793	2.023
20160316	5.373297793	3.8445	5.8	7	0	1.05	40.3	1	124.7	28.5	40.4	6.4	0.378910245	4.678867744	0.315519804	6.183	4.563
20160317	6.560939233	4.47	1.3	5.7	0	0.99	21.7	1	125.5	19.1	46.2	6.6	0.804258415	5.430869787	0.325811031	7.046	6.076
20160318	4.638563811	3.144	1.8	-2.7	0	0.98	22.7	1	125.5	0	36.7	6.8	0.106366904	4.197019782	0.335177125	5.004	4.273
20160319	3.664475444	2.565	0.5	-6.2	0	1.17	23	1	125.5	0	29.2	7	0	3.320774192	0.343701252	3.965	3.364
20160320	2.977889145	2.2885	0	-4.3	0	1.31	23	1	125.5	0	23.1	7.1	0	2.626430045	0.3514591	3.231	2.725
20160321	2.419142594	2.122	0	-1.1	0	1.21	23	1	125.5	0	18.1	7.3	0	2.06062304	0.358519554	2.633	2.205
20160322	1.964503659	1.8505	0	-2.4	0	1.13	23	1	125.5	0	14.1	7.4	0	1.599558352	0.364945307	2.146	1.783
20160323	1.594639477	1.784	1.5	0	0	0.99	23.8	1	125.5	0	10.8	7.5	0	1.223846061	0.370793416	1.748	1.441
20160324	1.29380152	1.633	4.1	-3.1	0	0.38	26.1	1	125.5	0	8.1	7.6	0	0.917685713	0.376115807	1.425	1.163
20160325	1.049161576	1.8175	5.8	-0.2	0	0.43	29.4	1	125.5	0	5.9	7.7	0	0.668201836	0.38095974	1.161	0.937
20160326	0.850270696	1.7615	0	1.2	0	1.24	29.4	1	125.5	0	4.1	7.8	0	0.464902469	0.385368227	0.946	0.755
20160327	1.597234773	1.671	0	4.4	0	0.5	19.2	1	125.9	9.8	10.6	7.9	0	1.207854361	0.389380412	1.532	1.663
20160328	2.583812506	2.2405	13.7	1.4	0	0.26	18.6	1	126.3	13.9	19.3	8	0	2.190780586	0.39303192	2.437	2.73
20160329	2.10197628	2.2535	4.1	-2	0	0.93	20.9	1	126.3	0	15	8	0	1.705621105	0.396355175	1.991	2.213
20160330	1.709654139	1.732	0	1.4	0	1.91	20.9	1	126.3	0	11.5	8.1	0	1.310274454	0.399379685	1.627	1.792
20160331	3.282247138	1.7045	0	7.2	0	1.4	0	0	126.8	20.4	25.4	8.1	0	2.880114831	0.402132306	2.85	3.715
20160401	4.787928453	3.624	21.8	7.6	0.6	0.6	0	0	126.6	21.4	37.1	8.2	0.135234391	4.248056581	0.40463748	4.385	5.191
20160402	3.971953887	2.625	2.3	2.7	0.74	0.74	0	0	125.9	2.2	31.4	8.2	0	3.565036437	0.40691745	3.661	4.283
20160403	3.234466871	2.0175	1.3	-6.6	1.2	1.2	0.7	1	124.7	0	24.9	8.3	0	2.825474409	0.408992462	2.986	3.483
20160404	2.633701207	1.6895	0	-8.6	0	0.39	0.7	1	124.7	0	19.6	8.3	0	2.222820267	0.41088094	2.436	2.831
20160405	2.144329245	1.526	0	-7.8	0	0.79	0.7	1	124.7	0	15.2	8.4	0	1.731729593	0.412599653	1.988	2.301
20160406	1.745713594	1.4205	3.8	-3.6	0	0.6	2.9	1	124.7	0	11.7	8.4	0	1.331549733	0.414163861	1.622	1.87
20160407	3.007650025	2.4055	15	2.8	0	0.22	0	0	125.4	17.1	22.8	8.4	0	2.59206257	0.415587455	3.035	2.98
20160408	2.449500754	2.6105	8.4	-1.8	0.75	0.75	4.7	1	124.7	0	17.9	8.4	0	2.032617679	0.416883075	2.471	2.428
20160409	1.994799574	1.876	0.5	-3.8	0	1.57	5	1	124.7	0	13.9	8.5	0	1.57673735	0.418062224	2.012	1.978
20160410	1.624385062	1.6205	0.5	-4.4	0	1.86	5.3	1	124.7	0	10.6	8.5	0	1.205249688	0.419135373	1.638	1.611
20160411	1.322643957	1.6745	7.6	-0.1	0	1.22	9.6	1	124.7	0	7.9	8.5	0	0.902531905	0.420112052	1.333	1.312
20160412	2.637509224	3.139	13.7	2.4	0	0.54	5.7	1	125.4	16.9	19.5	8.5	0	2.216508293	0.421000931	2.853	2.422
20160413	2.361793988	1.996	0.3	1.8	0	1.57	3.6	1	125.5	2.3	17.1	8.5	0	1.939984083	0.421809905	2.56	2.164
20160414	2.245291296	1.7185	0	3.2	0	1.95	0	0	125.6	3.5	16	8.6	0	1.822745141	0.422546156	2.433	2.057
20160415	1.828932683	1.5765	0	5.3	2.1	2.1	0	0	123.5	0	12.4	8.6	0	1.405716462	0.423216221	1.979	1.679
20160416	1.489714276	1.4635	0	7	2.4	2.4	0	0	121.1	0	9.4	8.6	0	1.065888225	0.423826051	1.609	1.37
20160417	1.213350126	1.37	0	10.8	2.57	2.57	0	0	118.5	0	6.9	8.6	0	0.788969066	0.424381059	1.308	1.118
20160418	1.283352415	1.3575	3.6	10.4	2.28	2.28	0	0	116.7	3.2	7.6	8.6	0	0.858466239	0.424886175	1.394	1.173
20160419	1.866510353	2.3145	10.2	6.7	1.35	1.35	0	0	116.7	8.9	12.7	8.6	0	1.441164469	0.425345884	2.109	1.624
20160420	1.520538356	1.546	0	5.4	1.83	1.83	0	0	114.8	0	9.6	8.6	0	1.094774089	0.425764267	1.714	1.327
20160421	1.238652612	1.337	0	10.2	1.76	1.76	0	0	113.1	0	7.2	8.6	0	0.812507573	0.426145039	1.393	1.084
20160422	1.123276832	1.321	1.5	14.9	1.26	1.26	0	0	112.1	1.2	6.1	8.6	0	0.69678525	0.426491582	1.268	0.978
20160423	0.952559308	1.266	0.5	4.9	2.25	2.25	0	0	109.9	0.4	4.6	8.6	0	0.525752336	0.426806972	1.075	0.83
20160424	0.775917263	1.1505	0	3.5	2.32	2.32	0	0	107.6	0	3.1	8.6	0	0.348823253	0.42709401	0.873	0.679
20160425	0.632002565	1.0785	0	3.5	1.46	1.46	0	0	106.1	0	1.8	8.7	0	0.20464732	0.427355245	0.708	0.556
20160426	0.514754264	1.1065	8.1	0.2	0.33	0.33	4.6	1	105.8	0	0.8	8.7	0	0.087161268	0.427592996	0.574	0.455
20160427	0.423644954	1.3795	0.5	1	0	1.39	4.8	1	105.8	0	0	8.6	0	0	0.423644954	0.471	0.377
20160428	0.385561282	1.1805	0	1.1	0	2.27	4.8	1	105.8	0	0	7.8	0	0	0.385561282	0.428	0.343
20160429	0.645776689	1.0355	0	4.6	0	2.26	0	0	107	3.6	2.3	7.9	0	0.256220577	0.389556112	0.73	0.562
20160430	0.522379098	0.951	0	7.3	2.08	2.08	0	0	104.9	0	1.1	8	0	0.129187272	0.393191826	0.589	0.456
20160501	0.861576123	1.0005	6.4	6.4	0.81	0.81	0	0	105.8	4.7	4.1	8	0	0.465075417	0.396500706	1.001	0.723
20160502	1.756296598	1.8425	15	4.2	0.46	0.46	0	0	108.9	11.4	11.9	8.1	0	1.356784464	0.399512134	2.18	1.332
20160503	1.449836629	1.4715	0.3	5.1	1.36	1.36	0	0	107.6	0.2	9.2	8.1	0	1.04758378	0.402252848	1.796	1.104
20160504	1.17880033	1.2315	0	5.2	1.64	1.64	0	0	105.9	0	6.8	8.2	0	0.774053144	0.404747185	1.456	0.902
20160505	0.958175854	1.135	0	8.3	0.94	0.94	0	0	105	0	4.9	8.2	0	0.55115856	0.407017294	1.179	0.737
20160506	0.778609601	0.997	0	12.7	1.66	1.66	0	0	103.4	0	3.3	8.3	0	0.369526271	0.40908333	0.954	0.603
20160507	0.63248143	0.9375	0	13	1.15	1.15	0	0	102.2	0	2	8.3	0	0.221517791	0.410963639	0.772	0.493
20160508	1.842667075	1.747	19.6	4.1	0.82	0.82	0	0	106.6	14.4	12.6	8.4	0	1.429992157	0.412674918	2.498	1.187
20160509	1.534718676	1.2815	0.5	2.3	1.58	1.58	0	0	105.2	0.4	9.9	8.4	0	1.120486315	0.414232361	2.075	0.994
20160510	1.249109743	1.06	0	6.9	2.74	2.74	0	0	102.4	0	7.3	8.4	0	0.833459946	0.415649797	1.682	0.816
20160511	1.016507773	0.9615	0	9.7	3.02	3.02	0	0	99.4	0	5.3	8.4	0	0.599567962	0.416939812	1.363	0.67
20160512	0.827087974	0.9035	0	14.9	3.24	3.24	0	0	96.2	0	3.6	8.5	0	0.408974113	0.418113861	1.103	0.551
20160513	1.389622428	1.318	11.7	14.3	1.6	1.6	0	0	98.5	7.7	8.5	8.5	0	0.97044006	0.419182368	1.951	0.828
20160514	1.756328649	1.3075	9.9	13.1	1.83	1.83	0	0	99.9	6.8	11.8	8.5	0	1.336173826	0.420154822	2.535	0.977
20160515	2.199457696	2.251	11.9	4.6	0.95	0.95	0	0	102.5	8.3	15.7	8.5	0	1.778417839	0.421039857	3.27	1.129
20160516	1.791440372	1.5585	4.3	1	2.19	2.19	2.4	1	100.3	0	12.1	8.5	0	1.369595041	0.421845331	2.655	0.928
20160517	1.613328104	1.298	0	6.2	0	3.44	0	0	101.1	1.7	10.5	8.6	0	1.190749707	0.422578397	2.393	0.834
20160518	1.313961727	1.18	0	8	4.01	4.01	0	0	97.1	0	7.8	8.6	0	0.890716163	0.423245564	1.942	0.686
20160519	1.319545886	1.1775	4.1	11.3	2.39	2.39	0	0	96.1	2.7	7.9	8.6	0	0.89569313	0.423852756	1.964	0.675
20160520	1.092506606	1.1525	0.3	12.5	3.39	3.39	0	0	92.8	0.2	5.9	8.6	0	0.668101242	0.424405364	1.622	0.563
20160521	0.889728793	1.0155	0	14.4	2.86	2.86	0	0	89.9	0	4.1	8.6	0	0.464820498	0.424908295	1.315	0.464
20160522	0.985854651	0.983	4.8	15.5	1.4	1.4	0	0	90.5	2.8	4.9	8.6	0	0.560488636	0.425366015	1.479	0.493
20160523	0.802911749	0.869	0	12	3.32	3.32	0	0	87.2	0	3.3	8.6	0	0.37712916	0.425782589	1.2	0.406
20160524	0.694861083	0.802	0.8	16.3	1.74	1.74	0	0	85.8	0.4	2.4	8.6	0	0.268699369	0.426161714	1.037	0.353
20160525	0.580862358	0.7565	0.3	17.8	2.24	2.24	0	0	83.7	0.2	1.4	8.6	0	0.1543556	0.426506758	0.864	0.298
20160526	0.473000346	0.667	0	17.9	2.73	2.73	0	0	81	0	0.4	8.6	0	0.046179562	0.426820784	0.699	0.247
20160527	0.537897683	0.6055	3.3	21.3	2.72	2.72	0	0	79.9	1.7	1	8.6	0	0.110791103	0.42710658	0.809	0.266
20160528	0.438046419	0.53	0	22.8	3.53	3.53	0	0	76.4	0	0.1	8.7	0	0.010679735	0.427366685	0.654	0.222
20160529	0.41351028	0.4845	1	21.1	1.31	1.31	0	0	75.6	0.5	0	8.4	0	0	0.41351028	0.62	0.207
20160530	0.452071082	0.55	2.8	19.6	1.68	1.68	0	0	75.5	1.3	0.3	8.4	0	0.037078455	0.414992627	0.687	0.217
20160531	0.428879961	0.485	1.5	18.1	3.02	3.02	0	0	73.3	0.7	0.1	8.4	0	0.012538242	0.416341719	0.654	0.204
20160601	0.383876075	0.4035	0	16.9	4.97	4.97	0	0	68.3	0	0	7.8	0	0	0.383876075	0.584	0.183
20160602	0.349367436	0.3485	0	17.8	4	4.09	0	0	64.3	0	0	7.1	0	0	0.349367436	0.532	0.167
20160603	0.333612834	0.343	1	18.2	3.02	3.26	0	0	61.9	0.3	0	6.8	0	0	0.333612834	0.51	0.158
20160604	0.303622622	0.291	0	17.8	3.38	3.81	0	0	58.6	0	0	6.1	0	0	0.303622622	0.464	0.143
20160605	2.585069588	3.05	56.9	14.7	0.78	0.78	0	0	89.3	25.4	20	6.4	0	2.270086239	0.314983349	4.614	0.556
20160606	2.148717365	1.6615	1	15.8	2.92	2.92	0	0	86.8	0.6	16.1	6.6	0	1.823394565	0.3253228	3.829	0.469
20160607	1.76643226	0.8805	0.5	15.3	4.05	4.05	0	0	83	0.3	12.6	6.8	0	1.431699475	0.334732784	3.141	0.391
20160608	1.492278296	0.7485	1.3	9.7	5.54	5.54	0	0	78.1	0.7	10.1	7	0	1.148981441	0.343296855	2.65	0.335
20160609	1.352454044	0.747	3.3	6.3	3.05	3.05	0	0	76.8	1.6	8.8	7.1	0	1.001362987	0.351091057	2.403	0.302
20160610	1.107234387	0.667	0.3	9.3	4.67	4.67	0	0	72.3	0.1	6.6	7.3	0	0.74904979	0.358184596	1.963	0.252
20160611	0.92621165	0.6305	0.8	9.1	3.8	3.8	0	0	68.9	0.3	4.9	7.4	0	0.56157119	0.36464046	1.638	0.214
20160612	0.850069269	0.6585	2.8	9.7	4.86	4.86	0	0	65.8	1.1	4.2	7.5	0	0.479553296	0.370515973	1.506	0.194
20160613	1.057854901	1.16	10.4	10.4	4.63	4.68	0	0	67.5	4	6	7.6	0	0.681991596	0.375863305	1.902	0.214
20160614	0.856869403	0.879	0	12.6	6.11	6.32	0	0	61.4	0	4.2	7.7	0	0.476139466	0.380729937	1.536	0.178
20160615	0.702567144	0.5525	0.3	15.9	5.26	5.96	0	0	56.4	0.1	2.8	7.8	0	0.317408062	0.385159082	1.256	0.149
20160616	0.568237784	0.4325	0	16.6	3	3.72	0	0	53.4	0	1.6	7.9	0	0.179047716	0.389190068	1.012	0.125
20160617	0.459159355	0.352	0	16.2	4.03	5.27	0	0	49.3	0	0.6	8	0	0.066300668	0.392858687	0.814	0.104
20160618	0.383778358	0.305	0	17.3	3.27	4.63	0	0	46.1	0	0	7.8	0	0	0.383778358	0.678	0.089
20160619	0.349278504	0.261	0	19.1	3.01	4.57	0	0	43	0	0	7.1	0	0	0.349278504	0.617	0.081
20160620	0.317880023	0.222	0	21.6	3.45	5.59	0	0	39.6	0	0	6.4	0	0	0.317880023	0.562	0.074
20160621	0.317373414	0.2175	3.6	15.9	2.93	4.97	0	0	39.6	0.6	0	6.4	0	0	0.317373414	0.564	0.071
20160622	0.428774992	0.4815	10.2	12.2	2.23	3.56	0	0	45.7	2	0.9	6.6	0	0.101276982	0.32749801	0.779	0.079
20160623	0.349201693	0.3455	0.5	14.6	2.77	4.22	0	0	43.3	0.1	0.1	6.8	0	0.01248924	0.336712453	0.631	0.068
20160624	0.313954082	0.2275	0.3	15.6	3.06	4.93	0	0	40.5	0.1	0	6.4	0	0	0.313954082	0.567	0.061
20160625	0.285731099	0.179	0	17.6	3.26	5.62	0	0	37.2	0	0	5.8	0	0	0.285731099	0.516	0.056
20160626	0.260045228	0.149	0	20.3	2.9	5.45	0	0	34.3	0	0	5.3	0	0	0.260045228	0.469	0.051
20160627	0.236668396	0.1345	0	19.1	1.74	3.55	0	0	32.6	0	0	4.8	0	0	0.236668396	0.427	0.046
20160628	1.529956819	1.91	54.6	20.2	2.77	3.68	0	0	69.7	14.6	11.2	5.1	0	1.275908829	0.25404799	2.969	0.091
20160629	1.479584633	1.4895	6.6	17.6	2.8	2.8	0	0	70.8	2.7	10.7	5.5	0	1.209719392	0.269865241	2.874	0.085
20160630	1.201637927	0.5495	0.3	17.5	4.28	4.28	0	0	66.7	0.1	8.1	5.8	0	0.917377331	0.284260596	2.331	0.072
20160701	1.48688909	0.657	14	17.4	3.87	3.87	0	0	71.2	5.6	10.5	6	0	1.189527213	0.297361877	2.898	0.076
20160702	1.248104482	0.692	1.3	12.2	5.7	5.7	0	0	66.3	0.5	8.3	6.3	0	0.938819066	0.309285416	2.431	0.065
20160703	1.005560062	0.4175	0	14.7	7.2	7.57	0	0	59.1	0	6	6.5	0	0.685422978	0.320137084	1.956	0.055
20160704	0.808948869	0.284	0	18	6.18	7.29	0	0	52.9	0	4.2	6.7	0	0.47893563	0.330013239	1.571	0.047
20160705	0.64967484	0.2295	0	19.2	5.69	7.5	0	0	47.2	0	2.7	6.9	0	0.310673265	0.339001575	1.26	0.04
20160706	0.520741568	0.1835	0	20.8	4.59	6.78	0	0	42.7	0	1.5	7	0	0.173559667	0.347181902	1.008	0.034
20160707	0.51364152	0.279	5.3	21.9	2.95	4.6	0	0	43.9	1	1.4	7.2	0	0.159014664	0.354626856	0.996	0.031
20160708	0.411378683	0.2655	0	18.5	2.41	3.83	0	0	41.5	0	0.4	7.3	0	0.049976139	0.361402544	0.796	0.027
20160709	0.751133648	0.655	19.8	14.5	2.79	3.97	0	0	54	4.6	3.4	7.4	0	0.383564518	0.36756913	1.472	0.031
20160710	0.751011333	0.7785	5.6	13.9	3.13	3.9	0	0	54.9	1.6	3.3	7.6	0	0.377829964	0.373181369	1.473	0.029
20160711	0.64480097	0.4945	1.5	16.3	4.3	5.42	0	0	51.7	0.4	2.3	7.7	0	0.266511876	0.378289094	1.264	0.025
20160712	0.520511103	0.2935	0	18.2	4.88	6.59	0	0	46.8	0	1.2	7.8	0	0.137573443	0.38293766	1.019	0.022
20160713	0.419672463	0.2115	0	20.7	2.75	4.1	0	0	44	0	0.3	7.8	0	0.032504122	0.387168341	0.82	0.019
20160714	0.630307491	0.5905	13.7	21.2	1.2	1.69	0	0	53.4	3.2	2.1	7.9	0	0.239288788	0.391018704	1.24	0.02
20160715	0.554008109	0.453	1.8	20.1	3.84	4.96	0	0	50.9	0.5	1.4	8	0	0.159485171	0.394522937	1.09	0.018
20160716	0.454835516	0.285	0.3	18	4.46	6.11	0	0	46.6	0.1	0.5	8.1	0	0.057123359	0.397712157	0.894	0.016
20160717	0.384563975	0.214	0	19.4	3.13	4.68	0	0	43.5	0	0	7.8	0	0	0.384563975	0.755	0.014
20160718	0.463264894	0.3165	7.9	19.4	3.51	5.25	0	0	46.2	1.7	0.7	7.9	0	0.074616436	0.388648458	0.913	0.014
20160719	0.386076895	0.3065	0.3	13.6	4.14	6.23	0	0	42.3	0.1	0	7.8	0	0	0.386076895	0.76	0.012
20160720	0.353852957	0.19	0.3	14.8	3.68	6.04	0	0	38.9	0.1	0	7.2	0	0	0.353852957	0.696	0.011
20160721	0.322043255	0.1375	0	17.9	3.97	7.11	0	0	34.9	0	0	6.5	0	0	0.322043255	0.634	0.01
20160722	0.685063481	0.3005	23.6	21.6	3.63	5.71	0	0	50.2	4.7	3.1	6.7	0	0.353315427	0.331748054	1.359	0.011
20160723	1.321257442	2.02	26.9	18.9	4.65	5.45	0	0	64.1	8.3	8.6	6.9	0	0.980677004	0.340580438	2.63	0.013
20160724	1.077778375	0.7885	0.3	17.2	4.06	4.41	0	0	60.3	0.1	6.4	7.1	0	0.729159543	0.348618832	2.144	0.011
20160725	0.870510286	0.4485	0	18.4	3.79	4.39	0	0	56.5	0	4.5	7.2	0	0.514575672	0.355934613	1.731	0.01
20160726	0.710240582	0.345	0.3	19.1	4.66	5.75	0	0	52	0.1	3.1	7.3	0	0.347647841	0.36259274	1.412	0.008
20160727	0.579342344	0.2455	0.3	20.4	3.64	4.87	0	0	48.6	0.1	1.9	7.5	0	0.210690011	0.368652333	1.151	0.007
20160728	0.466252532	0.1995	0	20.5	4.54	6.51	0	0	44.1	0	0.8	7.6	0	0.092085334	0.374167198	0.926	0.007
20160729	0.376970381	0.1715	0	18.9	3.19	5.05	0	0	40.9	0	0	7.6	0	0	0.376970381	0.748	0.006
20160730	0.343082532	0.135	0	16.7	4.26	7.27	0	0	36.6	0	0	6.9	0	0	0.343082532	0.681	0.005
20160731	0.31224104	0.119	0	16.6	1.64	3.12	0	0	35	0	0	6.3	0	0	0.31224104	0.62	0.005
20160801	0.857392787	1.042	30.5	14.8	2.69	4	0	0	56.2	6.6	4.7	6.5	0	0.534565775	0.322827012	1.709	0.005
20160802	0.688466501	0.485	0	17	3.57	4.43	0	0	52.6	0	3.1	6.7	0	0.356005146	0.332461355	1.372	0.005
20160803	0.551729316	0.2675	0	18	4.82	6.39	0	0	47.8	0	1.9	6.9	0	0.210499699	0.341229617	1.099	0.004
20160804	0.441139906	0.184	0	18.8	3.98	5.81	0	0	43.8	0	0.8	7.1	0	0.091930254	0.349209653	0.879	0.004
20160805	0.354195035	0.1335	0	20.7	2.65	4.22	0	0	41.2	0	0	7.2	0	0	0.354195035	0.705	0.003
20160806	0.324733192	0.113	0.3	19.6	3.67	6.21	0	0	37.7	0.1	0	6.6	0	0	0.324733192	0.647	0.003
20160807	0.313381267	0.0975	2.5	16.7	3	5.39	0	0	36.8	0.4	0	6.3	0	0	0.313381267	0.624	0.003
20160808	0.285209777	0.0815	0	16.7	3.43	6.51	0	0	33.4	0	0	5.8	0	0	0.285209777	0.568	0.002
20160809	0.259570771	0.0625	0	16.7	3.08	6.43	0	0	30.3	0	0	5.3	0	0	0.259570771	0.517	0.002
20160810	0.23623659	0.0695	0	18.5	1.78	4.09	0	0	28.5	0	0	4.8	0	0	0.23623659	0.47	0.002
20160811	0.215000041	0.0605	0	22.1	2.16	5.28	0	0	26.4	0	0	4.4	0	0	0.215000041	0.428	0.002
20160812	0.226298026	0.095	6.6	23.1	1.38	3.28	0	0	30.9	0.7	0	4.6	0	0	0.226298026	0.451	0.002
20160813	0.321617956	0.228	11.9	19.7	1.72	3.34	0	0	39.4	1.7	0.7	5	0	0.077008088	0.244609868	0.642	0.002
20160814	0.267597117	0.2665	1.5	21.1	2.51	4.38	0	0	38.1	0.3	0.1	5.3	0	0.006321556	0.261275561	0.534	0.002
20160815	0.240289627	0.123	0	18.6	2.44	4.47	0	0	35.7	0	0	4.9	0	0	0.240289627	0.479	0.001
20160816	1.211906204	0.7955	43.4	16.9	3.02	4.06	0	0	64.9	11.2	8.4	5.2	0	0.954562514	0.25734369	2.422	0.002
20160817	1.58522879	3.3825	16.8	17.6	3.74	3.74	0	0	71.3	6.6	11.6	5.5	0	1.312364116	0.272864673	3.169	0.002
20160818	1.3145578	0.6085	1	18.6	2.46	2.46	0	0	69.5	0.4	9	5.8	0	1.027567406	0.286990394	2.628	0.001
20160819	1.057588485	0.374	0	18	5.39	5.41	0	0	64.1	0	6.7	6.1	0	0.757742206	0.299846279	2.114	0.001
20160820	0.849413588	0.257	0	18.1	5.21	5.67	0	0	58.9	0	4.7	6.3	0	0.537867106	0.311546481	1.698	0.001
20160821	1.275997355	0.34	18.3	19.1	4.61	4.97	0	0	66.1	6.4	8.4	6.5	0	0.953802464	0.322194891	2.551	0.001
20160822	1.422529861	1.5975	10.9	12.9	4.73	4.75	0	0	68.1	4.2	9.6	6.7	0	1.090643802	0.331886059	2.844	0.001
20160823	1.149847922	0.4975	0	14.5	5.44	5.58	0	0	62.6	0	7.1	6.9	0	0.809141886	0.340706037	2.299	0.001
20160824	0.928484806	0.3295	0	18.3	4.44	4.95	0	0	58.2	0	5.1	7.1	0	0.579751666	0.348733141	1.856	0.001
20160825	0.74886486	0.2685	0	19.2	3.29	3.94	0	0	54.9	0	3.5	7.2	0	0.392826214	0.356038646	1.497	0.001
20160826	0.603191864	0.2295	0	19.9	3.34	4.24	0	0	51.6	0	2.1	7.3	0	0.240504444	0.362687421	1.206	0.001
20160827	0.485119015	0.1805	0	18.8	3.76	5.09	0	0	47.8	0	1	7.5	0	0.116380513	0.368738502	0.97	0.001
20160828	0.476822484	0.1815	4.1	19.6	3.83	5.42	0	0	47.1	0.9	0.9	7.6	0	0.102576863	0.37424562	0.953	0.001
20160829	0.389263014	0.1815	0.3	16.5	2.75	4.06	0	0	44.6	0.1	0.1	7.7	0	0.010005339	0.379257675	0.778	0
20160830	0.349123416	0.1425	0	16.4	3.07	4.8	0	0	41.5	0	0	7.1	0	0	0.349123416	0.698	0
20160831	0.707112623	0.514	20.1	17.6	2.31	3.27	0	0	54.7	4.6	3.1	7.2	0	0.350718785	0.356393838	1.414	0
20160901	0.594368927	0.4065	1	15.9	4.63	5.87	0	0	50.8	0.3	2	7.4	0	0.231358244	0.363010682	1.188	0
20160902	0.477960164	0.2275	0	14.6	4.08	5.6	0	0	46.7	0	1	7.5	0	0.10892746	0.369032704	0.956	0
20160903	0.383674464	0.1645	0	14.1	1.95	2.92	0	0	44.7	0	0.1	7.6	0	0.009161089	0.374513375	0.767	0
20160904	0.344471529	0.1305	0	15.6	3.13	4.88	0	0	41.6	0	0	7	0	0	0.344471529	0.689	0
20160905	0.313505172	0.1065	0	17.1	1.85	3.1	0	0	39.8	0	0	6.3	0	0	0.313505172	0.627	0
20160906	0.285322544	0.088	0	18.3	1.29	2.26	0	0	38.5	0	0	5.8	0	0	0.285322544	0.57	0
20160907	0.259673401	0.0735	0	19.8	1.91	3.47	0	0	36.6	0	0	5.3	0	0	0.259673401	0.519	0
20160908	0.246378184	0.086	1.5	19.9	1.61	3.03	0	0	36.2	0.2	0	5	0	0	0.246378184	0.493	0
20160909	0.229451403	0.083	0.8	19.6	2.4	4.57	0	0	34.5	0.1	0	4.6	0	0	0.229451403	0.459	0
20160910	0.20882481	0.06	0	18.6	1.76	3.57	0	0	32.7	0	0	4.2	0	0	0.20882481	0.417	0
20160911	0.45383018	0.41	19.1	13.5	2.44	4.19	0	0	46.1	3.3	2	4.6	0	0.225122769	0.22870741	0.907	0
20160912	0.356473667	0.145	0.3	12.3	3.14	4.74	0	0	43.2	0.1	1	5	0	0.109671008	0.246802659	0.713	0
20160913	0.273038223	0.0845	0	15.3	2.86	4.62	0	0	40.4	0	0.1	5.3	0	0.009766991	0.263271231	0.546	0
20160914	0.305516521	0.153	5.8	13.1	1.74	2.84	0	0	43.3	1.1	0.2	5.6	0	0.027257164	0.278259357	0.611	0
20160915	0.266604747	0.112	0.3	9.8	2.43	3.9	0	0	41.2	0.1	0	5.4	0	0	0.266604747	0.533	0
20160916	0.242638245	0.0745	0	11.7	2.46	4.17	0	0	38.7	0	0	4.9	0	0	0.242638245	0.485	0
20160917	0.239350486	0.058	2.5	14	2.3	4.05	0	0	38.5	0.4	0	4.8	0	0	0.239350486	0.479	0
20160918	0.279846098	0.153	6.4	18	1.47	2.5	0	0	42.3	1.1	0.2	5.2	0	0.023357125	0.256488973	0.56	0
20160919	0.249286366	0.117	0.8	17.3	1.01	1.65	0	0	41.9	0.1	0	5	0	0	0.249286366	0.498	0
20160920	0.226876704	0.0915	0	18.6	2.45	4.07	0	0	39.5	0	0	4.6	0	0	0.226876704	0.454	0
20160921	0.206481565	0.0565	0	15.9	2.81	4.97	0	0	36.7	0	0	4.2	0	0	0.206481565	0.413	0
20160922	0.187919851	0.0445	0	17	2.17	4.13	0	0	34.5	0	0	3.8	0	0	0.187919851	0.376	0
20160923	0.426101973	0.368	17.8	11.7	2.17	3.62	0	0	46.9	3.2	1.9	4.2	0	0.216420265	0.209681709	0.852	0
20160924	0.356422795	0.1675	1.5	8.1	2.8	4.12	0	0	45.3	0.3	1.1	4.6	0	0.126935517	0.229487278	0.713	0
20160925	0.271347911	0.1125	0	6.2	2.97	4.57	0	0	42.3	0	0.2	5	0	0.023835491	0.247512421	0.543	0
20160926	0.234694158	0.0985	0	8.1	2.38	3.92	0	0	40	0	0	4.8	0	0	0.234694158	0.469	0
20160927	0.246228463	0.12	4.1	12.3	2.26	3.79	0	0	41.1	0.7	0	5	0	0	0.246228463	0.492	0
20160928	0.22804591	0.088	0.5	12.6	2.63	4.44	0	0	38.9	0.1	0	4.6	0	0	0.22804591	0.456	0
20160929	0.207545664	0.0745	0	10.7	2.35	4.22	0	0	36.5	0	0	4.2	0	0	0.207545664	0.415	0
20160930	0.188888293	0.061	0	8.7	0.96	1.84	0	0	35.5	0	0	3.8	0	0	0.188888293	0.378	0
20161001	0.171908132	0.069	0	8.7	1.16	2.27	0	0	34.4	0	0	3.5	0	0	0.171908132	0.344	0
20161002	0.156454406	0.085	0	9.8	0.83	1.68	0	0	33.6	0	0	3.2	0	0	0.156454406	0.313	0
20161003	0.169048606	0.1035	4.3	11.7	0.97	1.91	0	0	36.3	0.6	0	3.4	0	0	0.169048606	0.338	0
20161004	0.153851938	0.0975	0	11.6	0.99	1.9	0	0	35.3	0	0	3.1	0	0	0.153851938	0.308	0
20161005	0.140021379	0.0815	0	12.1	1.16	2.3	0	0	34.2	0	0	2.8	0	0	0.140021379	0.28	0
20161006	0.129224115	0.078	0.3	12.7	1.36	2.77	0	0	33	0	0	2.6	0	0	0.129224115	0.258	0
20161007	0.119310231	0.0695	0.3	15.1	0.97	2.04	0	0	32.3	0	0	2.4	0	0	0.119310231	0.239	0
20161008	0.108584807	0.0675	0	13.7	0.83	1.8	0	0	31.5	0	0	2.2	0	0	0.108584807	0.217	0
20161009	0.098823548	0.07	0	8	0.54	1.19	0	0	31	0	0	2	0	0	0.098823548	0.198	0
20161010	0.08993978	0.07	0	4.4	0.92	2.07	0	0	30	0	0	1.8	0	0	0.08993978	0.18	0
20161011	0.08185462	0.071	0	8.4	0.93	2.16	0	0	29.1	0	0	1.7	0	0	0.08185462	0.164	0
20161012	0.074496278	0.0645	0	12.7	0.98	2.34	0	0	28.1	0	0	1.5	0	0	0.074496278	0.149	0
20161013	0.07457317	0.0625	1.5	9.8	0.65	1.58	0	0	28.8	0.2	0	1.5	0	0	0.07457317	0.149	0
20161014	0.067869396	0.068	0	4.7	0.72	1.74	0	0	28.1	0	0	1.4	0	0	0.067869396	0.136	0
20161015	0.061768259	0.066	0	5.8	0.87	2.16	0	0	27.2	0	0	1.3	0	0	0.061768259	0.124	0
20161016	0.078527132	0.079	4.8	10.2	0.89	2.11	0	0	30.7	0.5	0	1.6	0	0	0.078527132	0.157	0
20161017	0.072987003	0.1105	0.3	14.3	1.01	2.3	0	0	29.9	0	0	1.5	0	0	0.072987003	0.146	0
20161018	0.066425818	0.084	0	13.1	0.47	1.09	0	0	29.5	0	0	1.3	0	0	0.066425818	0.133	0
20161019	0.062835275	0.093	0.5	11.6	0.86	2.01	0	0	29	0.1	0	1.3	0	0	0.062835275	0.126	0
20161020	0.07183576	0.1115	3	8.6	0.58	1.33	0	0	31.1	0.3	0	1.5	0	0	0.07183576	0.144	0
20161021	1.046712304	1.4435	46.5	12	0.94	1.34	0	0	65.7	11	8.3	2.1	0	0.942679278	0.104033026	2.093	0
20161022	1.897344765	2.246	27.2	5.7	1.12	1.12	0	0	80.1	11.6	15.5	2.7	0	1.764008854	0.133335911	3.795	0
20161023	1.608378998	0.9755	2	1.4	0.92	0.92	0	0	80.2	1	12.8	3.2	0	1.448374393	0.160004606	3.217	0
20161024	1.284925221	0.658	7.1	1	1.97	1.97	4	1	78.2	0	9.7	3.7	0	1.10064931	0.184275911	2.57	0
20161025	1.023660512	0.536	0.3	-0.1	0	1.54	4.2	1	78.2	0	7.2	4.2	0	0.817295171	0.206365341	2.047	0
20161026	0.81286465	0.4535	0	-0.9	0	1.44	4.2	1	78.2	0	5.2	4.6	0	0.586395614	0.226469036	1.626	0
20161027	0.643005738	0.402	11.2	-0.9	0	1.05	10.5	1	78.2	0	3.5	5	0	0.398240233	0.244765505	1.286	0
20161028	1.072003394	0.9215	11.9	1.6	0	0.97	10.1	1	84.4	6.1	7.1	5.3	0	0.810586187	0.261417207	2.129	0.015
20161029	1.995163789	1.871	13.7	3.1	0	1.72	2.3	1	93.7	12.3	15.1	5.6	0	1.718591788	0.276572001	3.805	0.185
20161030	1.79912481	1.5745	1	3.4	0	1.04	0	0	94.9	2	13.3	5.9	0	1.50876036	0.29036445	3.415	0.183
20161031	1.452773637	0.9605	1.5	-0.5	1.32	1.32	0.8	1	93.6	0	10.1	6.1	0	1.149856614	0.302917024	2.76	0.146
20161101	1.171734389	0.741	0	1	0	0.84	0.8	1	93.6	0	7.5	6.4	0	0.857393208	0.314341181	2.228	0.115
20161102	1.049418072	0.691	1	8.7	0	1.5	0	0	94.3	1.1	6.4	6.6	0	0.724679712	0.32473836	1.987	0.112
20161103	1.903998096	1.8265	17.5	6.8	1.05	1.05	0	0	99.3	11.4	13.8	6.8	0	1.569797214	0.334200882	3.535	0.273
20161104	1.54240708	1.181	2.5	0.2	1.26	1.26	1.4	1	98	0	10.6	6.9	0	1.199594311	0.342812768	2.867	0.218
20161105	1.248573939	0.9185	0.5	-0.9	0	1.51	1.7	1	98	0	7.9	7.1	0	0.897923452	0.350650487	2.323	0.174
20161106	1.009881601	0.8725	2.3	1.1	0	1.6	3	1	98	0	5.7	7.2	0	0.652097969	0.357783632	1.882	0.138
20161107	0.978586329	0.7885	0	2	0	1.53	0.3	1	98.9	1.8	5.4	7.4	0	0.614310788	0.364275541	1.812	0.145
20161108	0.812646372	0.73	0	5.9	0	1.66	0	0	99	0.2	3.9	7.5	0	0.442462514	0.370183858	1.506	0.12
20161109	0.675179059	0.697	0.3	4	0.95	0.95	0	0	98.2	0.2	2.6	7.6	0	0.299618014	0.375561045	1.252	0.098
20161110	0.545005815	0.661	0	1.9	1.35	1.35	0	0	96.8	0	1.4	7.7	0	0.164550966	0.380454849	1.013	0.077
20161111	0.439396283	0.818	6.9	1.3	0.94	0.94	3.9	1	95.9	0	0.5	7.8	0	0.05448756	0.384908723	0.819	0.06
20161112	0.371868499	0.698	0	-1.5	0	1.3	3.9	1	95.9	0	0	7.5	0	0	0.371868499	0.694	0.05
20161113	0.529719355	0.638	0	3.8	0	1.49	0	0	97.3	2.5	1.3	7.6	0	0.15262511	0.377094245	0.957	0.102
20161114	0.426619642	0.597	0	5.9	1.56	1.56	0	0	95.7	0	0.4	7.7	0	0.044769421	0.381850221	0.777	0.077
20161115	0.65996159	0.64	5.3	6.7	1.24	1.24	0	0	96.3	3.4	2.4	7.8	0	0.273782932	0.386178658	1.174	0.146
20161116	0.964391241	1.0685	7.1	7	0.98	0.98	0	0	97.8	4.7	5.1	7.9	0	0.574273252	0.390117989	1.701	0.228
20161117	0.800379245	0.8195	0.3	4.5	0.81	0.81	0	0	97.1	0.2	3.6	8	0	0.406676052	0.393703193	1.414	0.187
20161118	0.6487565	0.6895	0	5.8	1.22	1.22	0	0	95.9	0	2.2	8	0	0.251790397	0.396966103	1.149	0.148
20161119	0.525512902	0.6335	0	7.1	1.07	1.07	0	0	94.8	0	1.1	8.1	0	0.125577208	0.399935694	0.934	0.117
20161120	0.425366965	0.776	13	0.6	0.69	0.69	7.3	1	94.1	0	0.2	8.2	0	0.022728632	0.402638333	0.758	0.093
20161121	0.375436992	0.731	4.8	-4.3	0	1.25	10	1	94.1	0	0	7.6	0	0	0.375436992	0.67	0.081
20161122	0.341686987	0.644	1	-4.6	0	1.08	10.6	1	94.1	0	0	6.9	0	0	0.341686987	0.61	0.074
20161123	0.310970947	0.61	0	-4	0	0.94	10.6	1	94.1	0	0	6.3	0	0	0.310970947	0.555	0.067
20161124	0.283016134	0.603	4.3	-3	0	0.38	13	1	94.1	0	0	5.7	0	0	0.283016134	0.505	0.061
20161125	0.257574326	0.6025	2.5	-0.8	0	0.52	14.4	1	94.1	0	0	5.2	0	0	0.257574326	0.46	0.056
20161126	0.234419616	0.642	0.8	0.9	0	0.48	14.9	1	94.1	0	0	4.7	0	0	0.234419616	0.418	0.051
20161127	0.213346404	0.6675	0.3	-2.1	0	1.19	15	1	94.1	0	0	4.3	0	0	0.213346404	0.381	0.046
20161128	0.194167574	0.5885	0.3	-4	0	1.05	15.2	1	94.1	0	0	3.9	0	0	0.194167574	0.346	0.042
20161129	0.17671283	1.591	19.3	-3	0	0.29	26.1	1	94.1	0	0	3.6	0	0	0.17671283	0.315	0.038
20161130	0.327904125	2.042	4.1	1.8	0	0.22	26.6	1	95.5	2.2	1.1	4	0	0.128421979	0.199482145	0.575	0.081
20161201	1.742226049	3.624	15.5	3.3	0	0.65	18.2	1	103.2	16.2	13.4	4.5	0	1.522021442	0.220204607	2.9	0.584
20161202	1.399727019	2.1055	6.1	0.7	0	0.72	21.6	1	103.2	0	10.2	4.8	0	1.160662801	0.239064218	2.332	0.467
20161203	1.122427391	1.695	7.1	-2.2	0	1.31	25.6	1	103.2	0	7.6	5.2	0	0.866198952	0.256228439	1.872	0.373
20161204	0.898095994	1.4725	0	-5.7	0	1.15	25.6	1	103.2	0	5.5	5.5	0	0.626246315	0.271849678	1.5	0.296
20161205	0.716780406	1.354	7.1	-6.1	0	0.85	29.6	1	103.2	0	3.8	5.8	0	0.430713764	0.286066642	1.199	0.234
20161206	0.57038381	1.2535	1.8	-3.1	0	0.95	30.6	1	103.2	0	2.4	6.1	0	0.271378242	0.299005568	0.956	0.185
20161207	0.452320293	1.2195	2.8	-2.8	0	1.2	32.2	1	103.2	0	1.2	6.3	0	0.141538947	0.310781346	0.76	0.145
20161208	0.357234068	1.1845	0.8	-2.1	0	0.41	32.6	1	103.2	0	0.3	6.5	0	0.035735531	0.321498538	0.601	0.113
20161209	0.306738233	1.118	5.3	-8.1	0	0.68	35.6	1	103.2	0	0	6.2	0	0	0.306738233	0.517	0.096
20161210	0.27916392	1.049	0.3	-12.6	0	0.74	35.8	1	103.2	0	0	5.7	0	0	0.27916392	0.471	0.088
20161211	0.254068408	1.004	0.5	-11.5	0	0.65	36.1	1	103.2	0	0	5.1	0	0	0.254068408	0.428	0.08
20161212	0.231228863	0.958	16.3	-5.5	0	0.33	45.3	1	103.2	0	0	4.7	0	0	0.231228863	0.39	0.073
20161213	0.210442485	0.907	0.8	-3.4	0	0.88	45.7	1	103.2	0	0	4.3	0	0	0.210442485	0.355	0.066
20161214	0.191524704	0.892	1.8	-8.4	0	0.64	46.7	1	103.2	0	0	3.9	0	0	0.191524704	0.323	0.06
20161215	0.174307541	0.852	2.3	-16.3	0	0.54	48	1	103.2	0	0	3.5	0	0	0.174307541	0.294	0.055
20161216	0.15863812	0.8195	0	-22	0	0.95	48	1	103.2	0	0	3.2	0	0	0.15863812	0.267	0.05
20161217	0.144377306	0.794	8.1	-11	0	0.6	52.6	1	103.2	0	0	2.9	0	0	0.144377306	0.243	0.045
20161218	0.131398471	2.557	19.8	-6.9	0	1.02	63.8	1	103.2	0	0	2.7	0	0	0.131398471	0.221	0.041
20161219	0.119586371	1.356	0	-16.7	0	0.82	63.8	1	103.2	0	0	2.4	0	0	0.119586371	0.202	0.038
20161220	0.108836124	1.0545	0	-14.1	0	0.36	63.8	1	103.2	0	0	2.2	0	0	0.108836124	0.183	0.034
20161221	0.099052272	0.9145	0	-5.1	0	0.58	63.8	1	103.2	0	0	2	0	0	0.099052272	0.167	0.031
20161222	0.090147943	0.856	3	-2.8	0	0.24	65.4	1	103.2	0	0	1.8	0	0	0.090147943	0.152	0.028
20161223	0.08204407	0.8145	0.3	-2.2	0	1.01	65.6	1	103.2	0	0	1.7	0	0	0.08204407	0.138	0.026
20161224	0.074668698	0.7995	3.3	-2.6	0	1.04	67.5	1	103.2	0	0	1.5	0	0	0.074668698	0.126	0.023
20161225	0.067956336	0.7575	1	-8	0	1.27	68	1	103.2	0	0	1.4	0	0	0.067956336	0.115	0.021
20161226	0.061847384	0.7495	2.3	-8.4	0	1.48	69.3	1	103.2	0	0	1.3	0	0	0.061847384	0.104	0.019
20161227	0.056287597	1.272	7.1	0.7	0	0.74	73.3	1	103.2	0	0	1.1	0	0	0.056287597	0.095	0.018
20161228	0.051227609	0.969	0.5	-6.9	0	0.69	73.6	1	103.2	0	0	1	0	0	0.051227609	0.086	0.016
20161229	0.04662249	0.8345	10.2	-5.6	0	0.26	79.4	1	103.2	0	0	0.9	0	0	0.04662249	0.079	0.015
20161230	0.042431349	0.778	11.7	-7.6	0	1.1	86	1	103.2	0	0	0.9	0	0	0.042431349	0.072	0.013
20161231	0.038616972	0.735	3.8	-11.1	0	0.6	88.1	1	103.2	0	0	0.8	0	0	0.038616972	0.065	0.012
20170101	0.03514549	0.7	4.8	-5.6	0	0.77	90.8	1	103.2	0	0	0.7	0	0	0.03514549	0.059	0.011
20170102	0.031986077	0.6875	0	-5.1	0	0.84	90.8	1	103.2	0	0	0.6	0	0	0.031986077	0.054	0.01
20170103	0.02911068	0.69	3.6	-3.8	0	0.53	92.8	1	103.2	0	0	0.6	0	0	0.02911068	0.049	0.009
20170104	0.026493768	0.8305	8.1	-2.4	0	0.76	97.4	1	103.2	0	0	0.5	0	0	0.026493768	0.045	0.008
20170105	0.024112104	0.7595	1.5	-7.9	0	1.25	98.2	1	103.2	0	0	0.5	0	0	0.024112104	0.041	0.008
20170106	0.02194454	0.702	0.5	-11.2	0	0.64	98.5	1	103.2	0	0	0.4	0	0	0.02194454	0.037	0.007
20170107	0.01997183	0.6615	0	-13.2	0	0.7	98.5	1	103.2	0	0	0.4	0	0	0.01997183	0.034	0.006
20170108	0.018176457	0.6355	0.5	-16.6	0	0.85	98.8	1	103.2	0	0	0.4	0	0	0.018176457	0.031	0.006
20170109	0.01654248	0.604	0	-18.9	0	0.59	98.8	1	103.2	0	0	0.3	0	0	0.01654248	0.028	0.005
20170110	0.01505539	0.559	1.5	-9.8	0	0.37	99.6	1	103.2	0	0	0.3	0	0	0.01505539	0.025	0.005
20170111	0.013701981	0.542	6.1	2	0	1.44	105.7	1	103.2	0	0	0.3	0	0	0.013701981	0.023	0.004
20170112	1.006777208	1.128	6.4	3.5	0	0.35	97	1	107.2	11.2	8.4	1	0	0.955652009	0.051125199	1.581	0.432
20170113	0.784324049	1.6035	1.8	-5.7	0	1.53	98	1	107.2	0	6.2	1.7	0	0.699139803	0.085184246	1.232	0.336
20170114	0.60629474	0.938	0.3	-15	0	0.87	98.1	1	107.2	0	4.3	2.4	0	0.490113193	0.116181547	0.953	0.26
20170115	0.464173973	0.7785	0.5	-11	0	0.73	98.4	1	107.2	0	2.8	2.9	0	0.319781635	0.144392338	0.73	0.199
20170116	0.351049005	0.715	0	-8.3	0	0.51	98.4	1	107.2	0	1.6	3.4	0	0.180981893	0.170067112	0.552	0.15
20170117	0.261310636	0.6975	2	-4.8	0	1.26	99.6	1	107.2	0	0.6	3.9	0	0.06787679	0.193433846	0.411	0.112
20170118	0.20290455	0.6845	4.1	-2.4	0	0.4	101.9	1	107.2	0	0	4.1	0	0	0.20290455	0.319	0.087
20170119	0.184664393	0.663	2	-1.4	0	0.67	103	1	107.2	0	0	3.7	0	0	0.184664393	0.291	0.079
20170120	0.16806394	0.6325	0.3	-1.5	0	0.91	103.2	1	107.2	0	0	3.4	0	0	0.16806394	0.264	0.072
20170121	0.152955789	0.622	0.8	-0.2	0	0.9	103.6	1	107.2	0	0	3.1	0	0	0.152955789	0.241	0.065
20170122	0.139205789	0.627	1.3	0.7	0	1.01	104.3	1	107.2	0	0	2.8	0	0	0.139205789	0.219	0.059
20170123	0.126691849	0.649	0.8	-2.3	0	1.07	104.8	1	107.2	0	0	2.6	0	0	0.126691849	0.199	0.054
20170124	0.115302853	0.7835	21.6	-2	0	0.98	117	1	107.2	0	0	2.3	0	0	0.115302853	0.181	0.049
20170125	0.104937673	0.749	0.8	-3.9	0	1.19	117.4	1	107.2	0	0	2.1	0	0	0.104937673	0.165	0.045
20170126	0.095504274	0.951	8.1	0.4	0	0.78	122	1	107.2	0	0	1.9	0	0	0.095504274	0.15	0.041
20170127	0.086918893	0.8955	13.7	-3.7	0	1.47	129.7	1	107.2	0	0	1.8	0	0	0.086918893	0.137	0.037
20170128	0.079105297	0.7845	2.3	-3.5	0	1.33	131	1	107.2	0	0	1.6	0	0	0.079105297	0.124	0.034
20170129	0.071994106	0.731	2	-3.4	0	1	132.1	1	107.2	0	0	1.5	0	0	0.071994106	0.113	0.031
20170130	0.065522177	0.7075	1.5	-11.3	0	1.16	133	1	107.2	0	0	1.3	0	0	0.065522177	0.103	0.028
20170131	0.059632044	0.6745	0	-13.2	0	0.95	133	1	107.2	0	0	1.2	0	0	0.059632044	0.094	0.025
20170201	0.054271406	0.634	2.8	-8.3	0	0.76	134.5	1	107.2	0	0	1.1	0	0	0.054271406	0.085	0.023
20170202	0.049392664	0.6075	1.3	-8.2	0	0.85	135.3	1	107.2	0	0	1	0	0	0.049392664	0.078	0.021
20170203	0.044952498	0.5855	2.8	-9.7	0	0.43	136.9	1	107.2	0	0	0.9	0	0	0.044952498	0.071	0.019
20170204	0.040911482	0.5615	1.8	-10.3	0	0.93	137.9	1	107.2	0	0	0.8	0	0	0.040911482	0.064	0.017
20170205	0.037233733	0.543	1.5	-7	0	0.87	138.7	1	107.2	0	0	0.8	0	0	0.037233733	0.059	0.016
20170206	0.033886597	0.5365	3.8	-9.8	0	0.98	140.9	1	107.2	0	0	0.7	0	0	0.033886597	0.053	0.014
20170207	0.030840353	0.529	12.4	-8.4	0	0.48	147.8	1	107.2	0	0	0.6	0	0	0.030840353	0.049	0.013
20170208	0.028067952	0.6165	6.1	-1.1	0	0.79	151.3	1	107.2	0	0	0.6	0	0	0.028067952	0.044	0.012
20170209	0.025544776	0.5765	5.6	-13	0	0.5	154.4	1	107.2	0	0	0.5	0	0	0.025544776	0.04	0.011
20170210	0.023248422	0.5515	1.8	-17.8	0	0.54	155.5	1	107.2	0	0	0.5	0	0	0.023248422	0.037	0.01
20170211	0.021158499	0.528	1.8	-13.6	0	0.3	156.5	1	107.2	0	0	0.4	0	0	0.021158499	0.033	0.009
20170212	0.01925645	0.508	17	-10.8	0	0.35	166.1	1	107.2	0	0	0.4	0	0	0.01925645	0.03	0.008
20170213	0.017525387	0.4995	5.3	-7.2	0	0.49	169	1	107.2	0	0	0.4	0	0	0.017525387	0.028	0.007
20170214	0.015949937	0.4805	5.6	-8.2	0	0.67	172.2	1	107.2	0	0	0.3	0	0	0.015949937	0.025	0.007
20170215	0.014516114	0.4595	6.1	-4.5	0	0.3	175.6	1	107.2	0	0	0.3	0	0	0.014516114	0.023	0.006
20170216	0.013211184	0.46	5.3	-6	0	0.39	178.6	1	107.2	0	0	0.3	0	0	0.013211184	0.021	0.006
20170217	0.012023561	0.4595	1.3	-7.1	0	1.21	179.3	1	107.2	0	0	0.2	0	0	0.012023561	0.019	0.005
20170218	0.0109427	0.458	0	-3.1	0	1.16	179.3	1	107.2	0	0	0.2	0	0	0.0109427	0.017	0.005
20170219	0.009959003	0.667	0	3.8	0	1.58	179.3	1	107.2	0	0	0.2	0	0	0.009959003	0.016	0.004
20170220	0.009063736	0.6295	0	-3.8	0	0.87	179.3	1	107.2	0	0	0.2	0	0	0.009063736	0.014	0.004
20170221	0.008248949	0.5545	0.3	-4.1	0	1.11	179.5	1	107.2	0	0	0.2	0	0	0.008248949	0.013	0.004
20170222	0.184949975	0.572	0	4.3	0	1.45	176.4	1	108	2.4	1.2	0.9	0	0.138787607	0.046162368	0.282	0.087
20170223	1.80502542	1.0135	0	6.7	0	1	153.4	1	112.7	18.3	15.2	1.6	0	1.724357869	0.080667551	2.31	1.3
20170224	2.276326422	1.6785	0.8	3.7	0	0.34	143.2	1	114.6	9.1	19.1	2.3	0	2.164255541	0.112070881	2.809	1.744
20170225	5.063043275	4.3455	19.3	5.3	0	0.41	126.3	1	119.4	31.4	39.8	2.8	0.329998587	4.592393488	0.140651201	5.754	4.372
20170226	3.76821977	4.3315	4.1	-4.7	0	1.3	128.6	1	119.4	0	31.7	3.4	0	3.601557484	0.166662286	4.286	3.25
20170227	3.045569769	2.3525	0.8	-2.9	0	1.37	129.1	1	119.4	0	25.1	3.9	0	2.855234672	0.190335097	3.466	2.625
20170228	2.458951138	1.883	0.3	1.3	0	1.26	129.4	1	119.4	0	19.8	4.3	0	2.247071303	0.211879835	2.8	2.118
20170301	3.572972685	3.5235	9.1	4.1	0	0.66	119.5	1	121.2	17.2	29.4	4.7	0	3.341484882	0.231487803	3.93	3.216
20170302	2.892639875	4.8525	5.8	-3.1	0	0.59	122.8	1	121.2	0	23.3	5	0	2.643306767	0.249333108	3.184	2.601
20170303	2.339949744	2.857	0	-11	0	0.69	122.8	1	121.2	0	18.3	5.4	0	2.074375539	0.265574205	2.578	2.102
20170304	1.89112029	2.2185	1.8	-16.5	0	0.48	123.8	1	121.2	0	14.2	5.7	0	1.610764986	0.280355304	2.085	1.697
20170305	1.526785773	1.8995	0	-13.3	0	0.9	123.8	1	121.2	0	10.9	5.9	0	1.232978121	0.293807653	1.685	1.368
20170306	1.231177942	1.7615	0.3	-7.5	0	0.94	123.9	1	121.2	0	8.1	6.2	0	0.925127243	0.306050699	1.36	1.102
20170307	0.991458941	1.698	4.3	-1	0	0.21	126.4	1	121.2	0	5.9	6.4	0	0.674265789	0.317193153	1.097	0.886
20170308	1.21764572	2.321	6.4	3.9	0	1.15	127.8	1	121.6	4.5	7.8	6.6	0	0.890311766	0.327333953	1.321	1.114
20170309	0.982458505	1.9245	6.1	-3	0	1.18	131.3	1	121.6	0	5.7	6.8	0	0.64589536	0.336563144	1.068	0.897
20170310	0.791688048	1.65	2.8	-9	0	0.54	132.8	1	121.6	0	3.9	7	0	0.446725374	0.344962674	0.862	0.721
20170311	0.637032905	1.48	0.8	-19.8	0	0.7	133.3	1	121.6	0	2.5	7.1	0	0.284425779	0.352607127	0.695	0.579
20170312	0.511735499	1.293	0	-16.5	0	1.08	133.3	1	121.6	0	1.3	7.3	0	0.152171121	0.359564379	0.56	0.463
20170313	0.410295681	1.164	0	-13.2	0	1.41	133.3	1	121.6	0	0.4	7.4	0	0.044399474	0.365896207	0.45	0.37
20170314	0.350573166	1.1305	34.3	-9.9	0	0.45	152.6	1	121.6	0	0	7.1	0	0	0.350573166	0.386	0.316
20170315	0.319058302	1.083	8.9	-9.4	0	0.27	157.6	1	121.6	0	0	6.5	0	0	0.319058302	0.351	0.287
20170316	0.290376474	1.019	2.8	-9.7	0	1.05	159.2	1	121.6	0	0	5.9	0	0	0.290376474	0.319	0.261
20170317	0.264273006	0.9725	1.5	-8.5	0	0.99	160	1	121.6	0	0	5.4	0	0	0.264273006	0.291	0.238
20170318	0.240516116	0.9345	0	-5.7	0	0.98	160	1	121.6	0	0	4.9	0	0	0.240516116	0.264	0.217
20170319	0.218894858	0.9125	0	-3.1	0	1.17	160	1	121.6	0	0	4.4	0	0	0.218894858	0.241	0.197
20170320	0.199217248	0.9215	0	-0.6	0	1.31	160	1	121.6	0	0	4	0	0	0.199217248	0.219	0.179
20170321	0.181308563	0.903	0	0.8	0	1.21	160	1	121.6	0	0	3.7	0	0	0.181308563	0.199	0.163
20170322	0.165009783	0.8435	3.3	-8.8	0	1.13	161.9	1	121.6	0	0	3.3	0	0	0.165009783	0.181	0.149
20170323	0.150176186	0.791	0	-10.2	0	0.99	161.9	1	121.6	0	0	3	0	0	0.150176186	0.165	0.135
20170324	0.136676059	0.7855	10.4	-6.1	0	0.38	167.8	1	121.6	0	0	2.8	0	0	0.136676059	0.15	0.123
20170325	0.12438953	0.7575	0.5	-4.5	0	0.43	168	1	121.6	0	0	2.5	0	0	0.12438953	0.137	0.112
20170326	0.113207501	0.7515	0.3	-2.8	0	1.24	168.2	1	121.6	0	0	2.3	0	0	0.113207501	0.124	0.102
20170327	0.103030684	0.9205	10.4	-0.3	0	0.5	174.1	1	121.6	0	0	2.1	0	0	0.103030684	0.113	0.093
20170328	0.093768714	1.0705	1.5	2.7	0	0.26	175.6	1	121.6	0	0	1.9	0	0	0.093768714	0.103	0.084
20170329	0.085339351	1.0255	1	-0.3	0	0.93	176.1	1	121.6	0	0	1.7	0	0	0.085339351	0.094	0.077
20170330	0.077667748	0.908	0	0.7	0	1.91	176.1	1	121.6	0	0	1.6	0	0	0.077667748	0.085	0.07
20170331	0.070685786	0.8805	11.7	0.3	0	1.4	182.7	1	121.6	0	0	1.4	0	0	0.070685786	0.078	0.064
20170401	0.064331469	0.8295	16	0.7	0	0.6	191.8	1	121.6	0	0	1.3	0	0	0.064331469	0.071	0.058
20170402	0.058548375	0.943	0.3	2.6	0	0.74	192.1	1	121.6	0	0	1.2	0	0	0.058548375	0.064	0.053
20170403	0.053285154	1.0095	0	2.6	0	1.2	192.1	1	121.6	0	0	1.1	0	0	0.053285154	0.059	0.048
20170404	0.048495071	1.206	10.4	1.1	0	0.39	197.9	1	121.6	0	0	1	0	0	0.048495071	0.053	0.044
20170405	0.16662675	1.296	2	1.6	0	0.79	198	1	121.8	1.8	0.7	1.7	0	0.083836195	0.082790555	0.174	0.159
20170406	1.606800565	1.9245	15.2	1.8	0	0.6	195.7	1	123	16.2	13.1	2.3	0	1.492797528	0.114003037	1.658	1.555
20170407	2.228346223	2.6065	8.4	1.9	0	0.22	193.2	1	123.7	10.3	18.4	2.9	0	2.085936557	0.142409665	2.315	2.142
20170408	1.788448498	1.951	5.1	-2.4	0	0.75	196	1	123.7	0	14.3	3.4	0	1.620185826	0.168262673	1.858	1.719
20170409	1.882044874	1.952	0.3	2.7	0	1.57	191.2	1	124	4.9	14.9	3.9	0	1.690253257	0.191791617	1.958	1.806
20170410	5.166899505	4.371	0	10.1	0	1.86	153.8	1	125.6	35.8	39.9	4.3	0.341307246	4.612386838	0.213205421	4.8	5.534
20170411	9.971723058	9.1975	1	11.7	0	1.22	109.8	1	126.8	43.8	63.4	4.7	2.070133007	7.668895826	0.232694225	7.975	11.968
20170412	9.761403368	9.186	0.3	5.7	0	0.54	91	1	127.2	18.8	62.3	5.1	1.987741691	7.523230599	0.250431078	7.371	12.151
20170413	8.900554032	6.891	2	4.1	0	1.57	78.9	1	127.4	13.8	58	5.4	1.67090578	6.96307478	0.266573473	6.42	11.381
20170414	8.508285967	6.6005	0.3	4.9	0	1.95	63.7	1	127.6	15.3	56	5.7	1.523881211	6.703140014	0.281264742	5.778	11.238
20170415	11.27976721	7.759	5.6	8.6	0	2.1	32.6	1	127.9	36.3	69.5	6	2.52031991	8.46481196	0.294635337	6.723	15.837
20170416	13.82200688	13.4415	7.9	12	0	2.4	0	0	128.1	40.3	81.9	6.2	3.434373412	10.08082949	0.306803978	7.52	20.124
20170417	9.978908762	10.7425	1.3	4.9	2.57	2.57	0	0	125.6	1.3	63	6.4	2.041953931	7.619076115	0.317878716	5.433	14.524
20170418	7.064323757	6.9145	0	3.8	2.28	2.28	0	0	123.3	0	48.7	6.6	0.985343467	5.751022403	0.327957888	3.862	10.267
20170419	6.238142936	6.357	9.1	4.2	1.35	1.35	0	0	122.5	8.6	44.6	6.8	0.683550289	5.217461658	0.33713099	3.442	9.034
20170420	4.654094974	5.947	1.8	5.3	1.83	1.83	0	0	120.8	1.7	36.8	7	0.108255949	4.200359552	0.345479473	2.586	6.723
20170421	5.146941024	6.375	14	3.8	1.76	1.76	0	0	120.2	12.8	39.1	7.1	0.28356434	4.510299216	0.353077468	3.091	7.203
20170422	4.179449376	5.1135	3.3	4.1	1.26	1.26	0	0	119.3	3	33.6	7.3	0	3.819456938	0.359992438	2.562	5.797
20170423	3.423855979	4.3595	0.3	7.7	2.25	2.25	0	0	117	0.3	26.9	7.4	0	3.057570193	0.366285786	2.105	4.742
20170424	2.78396382	3.873	0	7.9	2.32	2.32	0	0	114.7	0	21.2	7.5	0	2.411950428	0.372013392	1.714	3.854
20170425	2.52056764	3.523	3.3	7.4	1.46	1.46	0	0	113.8	2.8	18.9	7.6	0	2.143341528	0.377226113	1.603	3.438
20170426	2.264612039	3.544	2.8	11.1	0.33	0.33	0	0	113.9	2.3	16.6	7.7	0	1.882641804	0.381970235	1.484	3.045
20170427	1.917820512	2.926	1	14.7	1.39	1.39	0	0	112.7	0.8	13.5	7.8	0	1.531532629	0.386287883	1.271	2.564
20170428	1.596508368	2.517	0.5	16.6	2.27	2.27	0	0	110.5	0.4	10.6	7.9	0	1.206290973	0.390217395	1.065	2.128
20170429	1.35600331	2.1745	0.8	12.4	2.26	2.26	0	0	108.4	0.6	8.5	8	0	0.962209648	0.393793663	0.915	1.797
20170430	1.172954444	1.942	1	2.7	2.08	2.08	0	0	106.6	0.8	6.8	8	0	0.775906003	0.397048441	0.805	1.541
20170501	2.299833652	2.7865	18.8	6.2	0.81	0.81	0	0	110	14.6	16.7	8.1	0	1.899823023	0.400010629	2.045	2.555
20170502	2.927262369	4.105	14.2	7.9	0.46	0.46	0	0	112.3	11.4	22.2	8.2	0	2.524555837	0.402706532	2.866	2.989
20170503	2.708287328	3.019	4.3	3.5	1.36	1.36	0	0	111.8	3.5	20.3	8.2	0	2.303127243	0.405160085	2.705	2.712
20170504	2.2045632	2.366	0	8.2	1.64	1.64	0	0	110.1	0	15.8	8.2	0	1.797170124	0.407393076	2.191	2.219
20170505	2.564931069	2.675	10.4	7	0.94	0.94	0	0	111.2	8.3	19	8.3	0	2.155505738	0.409425331	2.735	2.395
20170506	2.582084184	2.7445	6.6	10.7	1.66	1.66	0	0	110.8	5.3	19.1	8.3	0	2.170809288	0.411274896	2.852	2.312
20170507	3.231031969	2.899	15	7.3	1.15	1.15	0	0	112.5	12.2	24.8	8.4	0	2.818073775	0.412958194	3.862	2.6
20170508	2.729566324	3.008	1.3	2.5	0.82	0.82	0	0	111.9	1.1	20.4	8.4	0	2.315076152	0.414490172	3.267	2.192
20170509	2.335345611	2.3045	1.5	2.6	1.58	1.58	0	0	110.6	1.2	16.9	8.4	0	1.919461179	0.415884432	2.804	1.867
20170510	1.901681761	2.063	0	5	2.74	2.74	0	0	107.9	0	13.1	8.4	0	1.484528406	0.417153354	2.271	1.532
20170511	1.548418691	1.8545	0	8.4	3.02	3.02	0	0	104.9	0	9.9	8.5	0	1.130110485	0.418308207	1.838	1.259
20170512	1.26066173	1.6955	0	11.1	3.24	3.24	0	0	101.6	0	7.4	8.5	0	0.841302487	0.419359244	1.486	1.035
20170513	1.045692192	1.572	0.3	11.2	1.6	1.6	0	0	100.1	0.2	5.5	8.5	0	0.625376395	0.420315797	1.228	0.864
20170514	2.020939182	2.1655	17.8	6.5	1.83	1.83	0	0	103.5	12.6	14.1	8.5	0	1.599752821	0.421186361	2.723	1.319
20170515	2.420120792	2.905	11.4	9.2	0.95	0.95	0	0	105.5	8.4	17.6	8.5	0	1.998142126	0.421978665	3.393	1.448
20170516	1.971343665	1.8725	0	13.1	2.19	2.19	0	0	103.4	0	13.6	8.6	0	1.548643919	0.422699745	2.75	1.193
20170517	1.605712923	1.5825	0	18.7	3.44	3.44	0	0	99.9	0	10.4	8.6	0	1.18235692	0.423356004	2.227	0.985
20170518	1.326751957	1.4025	0.3	23.3	4.01	4.01	0	0	96	0.2	7.9	8.6	0	0.90279869	0.423953267	1.831	0.822
20170519	1.157815058	1.318	1.3	12.2	2.39	2.39	0	0	94.1	0.8	6.5	8.6	0	0.733318218	0.42449684	1.6	0.716
20170520	0.94295604	1.209	0	9.8	3.39	3.39	0	0	90.7	0	4.6	8.6	0	0.517964493	0.424991548	1.293	0.593
20170521	0.76791888	1.1095	0	11.5	2.86	2.86	0	0	87.8	0	3	8.6	0	0.342477096	0.425441784	1.044	0.492
20170522	1.529273019	1.7695	16.5	9.5	1.4	1.4	0	0	93.2	9.8	9.7	8.6	0	1.103421473	0.425851546	2.299	0.76
20170523	1.274122202	1.426	0.5	12.6	3.32	3.32	0	0	90	0.3	7.5	8.6	0	0.84789773	0.426224472	1.907	0.641
20170524	1.037896894	1.122	0	15	1.74	1.74	0	0	88.3	0	5.4	8.6	0	0.61133302	0.426563874	1.543	0.533
20170525	0.939769272	1.0205	1.8	12.9	2.24	2.24	0	0	86.8	1	4.5	8.6	0	0.512896507	0.426872766	1.4	0.479
20170526	1.72999084	1.9295	17.8	10.1	2.73	2.73	0	0	91.5	10.4	11.5	8.6	0	1.30283695	0.427153889	2.759	0.701
20170527	1.464606542	1.28	1	12.8	2.72	2.72	0	0	89.2	0.6	9.1	8.7	0	1.037196801	0.427409741	2.33	0.599
20170528	1.193231598	1.0315	0	15.1	3.53	3.53	0	0	85.6	0	6.7	8.7	0	0.765589005	0.427642593	1.889	0.498
20170529	1.204931711	1.0295	4.6	10.9	1.31	1.31	0	0	86.4	2.5	6.8	8.7	0	0.777077198	0.427854513	1.927	0.483
20170530	1.270021893	1.1125	5.6	9.7	1.68	1.68	0	0	87.2	3.1	7.4	8.7	0	0.841974511	0.428047382	2.059	0.481
20170531	1.380543658	1.4215	6.6	13.2	3.02	3.02	0	0	87.1	3.7	8.4	8.7	0	0.952320745	0.428222913	2.272	0.489
20170601	1.165724343	1.1475	0.8	12.9	4.97	4.97	0	0	82.5	0.4	6.5	8.7	0	0.737341679	0.428382665	1.914	0.417
20170602	1.155264693	1.0085	4.3	8.3	4.09	4.09	0	0	80.5	2.2	6.4	8.7	0	0.726736637	0.428528056	1.913	0.397
20170603	1.248580838	1.197	6.6	8.1	3.26	3.26	0	0	80.5	3.3	7.2	8.7	0	0.819920462	0.428660376	2.097	0.4
20170604	1.534975272	1.218	10.9	12.4	3.81	3.81	0	0	82	5.6	9.7	8.7	0	1.10619447	0.428780802	2.635	0.435
20170605	1.517493171	1.2875	5.6	10.2	0.78	0.78	0	0	83.9	2.9	9.6	8.7	0	1.088602768	0.428890402	2.623	0.412
20170606	2.240822796	2.4275	19.3	8.2	2.92	2.92	0	0	89.4	10.9	16	8.7	0	1.811832646	0.42899015	3.988	0.493
20170607	1.852546104	1.569	0.5	13.2	4.05	4.05	0	0	85.6	0.3	12.5	8.7	0	1.423465174	0.429080931	3.291	0.414
20170608	1.509514842	1.1525	0	17.6	5.54	5.54	0	0	80.1	0	9.5	8.7	0	1.080351291	0.429163551	2.674	0.345
20170609	1.22999347	1.01	0	15.1	3.05	3.05	0	0	77	0	7	8.7	0	0.800754726	0.429238743	2.172	0.288
20170610	1.002224316	0.9045	0	15.7	4.67	4.67	0	0	72.3	0	5	8.7	0	0.572917139	0.429307177	1.764	0.241
20170611	0.83590614	0.776	0.5	21.5	3.8	3.8	0	0	68.8	0.2	3.6	8.7	0	0.406536682	0.429369458	1.467	0.205
20170612	0.681102967	0.658	0	22.7	4.8	4.86	0	0	64	0	2.2	8.7	0	0.251676826	0.429426141	1.19	0.172
20170613	0.55496239	0.562	0	18.9	4.3	4.68	0	0	59.7	0	1.1	8.7	0	0.125484662	0.429477728	0.965	0.145
20170614	0.452177896	0.521	0	13.4	5.41	6.32	0	0	54.3	0	0.2	8.7	0	0.022653218	0.429524678	0.782	0.123
20170615	0.39987654	0.4795	0	14.2	4.64	5.96	0	0	49.7	0	0	8.1	0	0	0.39987654	0.69	0.109
20170616	0.849053701	1.35	19.8	13	3.02	3.72	0	0	60.8	5.7	3.9	8.2	0	0.446469205	0.402584496	1.548	0.15
20170617	0.689266052	0.8315	0	17.6	4.59	5.27	0	0	56.2	0	2.5	8.2	0	0.284217032	0.40504902	1.25	0.128
20170618	0.567165726	0.6235	0.3	21.3	3.73	4.63	0	0	52.7	0.1	1.4	8.2	0	0.159873732	0.407291995	1.024	0.11
20170619	1.203360719	2.233	24.9	20.5	4	4.57	0	0	65.5	8	7	8.3	0	0.794027382	0.409333337	2.259	0.148
20170620	1.487618433	2.1725	14	17	5.59	5.59	0	0	68.5	5.5	9.5	8.3	0	1.076427261	0.411191172	2.819	0.156
20170621	1.21043911	1.1735	0	14.6	4.88	4.97	0	0	63.6	0	7	8.4	0	0.797557114	0.412881996	2.289	0.132
20170622	0.984732293	0.8915	0	15.9	3.24	3.56	0	0	60.3	0	5	8.4	0	0.57031147	0.414420823	1.857	0.112
20170623	1.575192379	1.9395	22.4	18.1	4.07	4.22	0	0	70.3	8.4	10.2	8.4	0	1.159371062	0.415821318	3.021	0.129
20170624	2.402494311	3.3625	26.2	17.1	4.93	4.93	0	0	79.5	12.1	17.5	8.4	0	1.985398398	0.417095914	4.66	0.145
20170625	2.329574468	1.8435	8.1	15.4	5.62	5.62	0	0	77.9	4	16.8	8.5	0	1.911318538	0.41825593	4.526	0.133
20170626	1.897204799	1.5365	0	13.5	5.45	5.45	0	0	72.5	0	13	8.5	0	1.477893133	0.419311666	3.682	0.113
20170627	1.821380481	1.3195	6.9	13.7	3.55	3.55	0	0	72.8	3	12.3	8.5	0	1.401107984	0.420272497	3.54	0.103
20170628	1.561686292	1.337	2	12.3	3.68	3.68	0	0	70.3	0.8	10	8.5	0	1.140539339	0.421146953	3.034	0.089
20170629	2.696161973	2.735	32.3	13.3	2.8	2.8	0	0	84.4	15.4	20	8.5	0	2.274219173	0.4219428	5.292	0.101
20170630	2.309151704	3.3205	2.3	16.7	4.28	4.28	0	0	81.2	1.2	16.6	8.6	0	1.8864846	0.422667104	4.531	0.087
20170701	2.548079476	3.008	13.7	17.6	3.87	3.87	0	0	83.8	7.2	18.7	8.6	0	2.124753179	0.423326297	5.012	0.084
20170702	2.114362847	2.3285	0.8	18.5	5.7	5.7	0	0	78.5	0.4	14.9	8.6	0	1.690436616	0.423926231	4.157	0.072
20170703	1.80137689	1.754	1.8	16.1	7.57	7.57	0	0	71.9	0.9	12.1	8.6	0	1.376904656	0.424472234	3.54	0.062
20170704	1.467379221	1.442	0	16	7.29	7.29	0	0	64.6	0	9.2	8.6	0	1.042410067	0.424969154	2.882	0.053
20170705	1.195258593	1.2365	0	17.1	6.94	7.5	0	0	57.7	0	6.8	8.6	0	0.76983719	0.425421403	2.345	0.046
20170706	0.973556061	1.065	0	18.8	5.6	6.78	0	0	52.1	0	4.8	8.6	0	0.547723064	0.425832997	1.908	0.039
20170707	0.884471543	0.9885	3.8	18.9	3.53	4.6	0	0	51.3	1	4	8.6	0	0.458263952	0.426207591	1.734	0.035
20170708	1.005847723	1.252	11.2	17.4	3.04	3.83	0	0	56.4	3.1	5.1	8.6	0	0.579299212	0.426548511	1.978	0.033
20170709	0.845719121	1.0795	1	16.3	3.23	3.97	0	0	53.9	0.3	3.7	8.6	0	0.418860338	0.426858783	1.662	0.029
20170710	0.688860288	0.851	0	17.8	3.01	3.9	0	0	50.9	0	2.3	8.6	0	0.261719125	0.427141164	1.352	0.025
20170711	0.618505703	0.763	2.5	19.5	4.02	5.42	0	0	48.8	0.6	1.7	8.7	0	0.191107543	0.427398159	1.214	0.023
20170712	0.524893903	0.7285	1	18.7	4.64	6.59	0	0	44.9	0.2	0.9	8.7	0	0.097261851	0.427632053	1.03	0.02
20170713	0.67021465	1.3005	11.4	14.4	2.89	4.1	0	0	50.8	2.6	2.1	8.7	0	0.24236973	0.42784492	1.321	0.02
20170714	0.646291406	1.063	4.3	13.4	1.27	1.69	0	0	52.7	1.1	1.9	8.7	0	0.218252755	0.428038651	1.275	0.018
20170715	0.538365187	0.917	0.5	17.3	3.76	4.96	0	0	49.3	0.1	1	8.7	0	0.110150219	0.428214967	1.061	0.016
20170716	0.455742161	0.679	0.8	18.8	4.35	6.11	0	0	45.6	0.2	0.2	8.7	0	0.027366727	0.428375433	0.897	0.014
20170717	0.594694277	0.8375	10.4	19.7	3.32	4.68	0	0	50.3	2.4	1.5	8.7	0	0.166172803	0.428521474	1.175	0.014
20170718	0.495530117	0.7425	0.5	19.7	3.79	5.25	0	0	46.8	0.1	0.6	8.7	0	0.06687573	0.428654387	0.979	0.012
20170719	0.419480508	0.5385	0.3	20.2	4.19	6.23	0	0	42.9	0.1	0	8.5	0	0	0.419480508	0.828	0.011
20170720	0.384303284	0.4435	0.3	19.9	3.72	6.04	0	0	39.4	0.1	0	7.8	0	0	0.384303284	0.758	0.01
20170721	0.349756241	0.359	0	19.6	4.02	7.11	0	0	35.4	0	0	7.1	0	0	0.349756241	0.69	0.009
20170722	0.32020411	0.297	0.3	18.6	2.9	5.71	0	0	32.7	0	0	6.5	0	0	0.32020411	0.632	0.008
20170723	0.293097516	0.258	0.3	16.9	2.57	5.45	0	0	30.4	0	0	5.9	0	0	0.293097516	0.579	0.008
20170724	0.43408755	0.5425	15.2	12.5	2.33	4.41	0	0	41	2.3	1.1	6.2	0	0.12868315	0.3054044	0.861	0.008
20170725	0.392153871	0.702	3	13.5	2.66	4.39	0	0	40.8	0.5	0.7	6.4	0	0.075548917	0.316604954	0.777	0.007
20170726	0.321957699	0.4095	0.5	15.9	3.38	5.75	0	0	37.9	0.1	0	6.5	0	0	0.321957699	0.638	0.006
20170727	0.300001235	0.3585	1	16.8	2.67	4.87	0	0	36.1	0.2	0	6.1	0	0	0.300001235	0.594	0.006
20170728	0.282869691	0.307	1.5	14.9	3.42	6.51	0	0	33.9	0.2	0	5.7	0	0	0.282869691	0.561	0.005
20170729	0.257441047	0.2255	0	14.7	2.45	5.05	0	0	31.5	0	0	5.2	0	0	0.257441047	0.51	0.005
20170730	0.234298318	0.1805	0	15.8	3.28	7.27	0	0	28.2	0	0	4.7	0	0	0.234298318	0.464	0.004
20170731	0.217687604	0.1675	1	18.3	1.28	3.12	0	0	27.8	0.1	0	4.4	0	0	0.217687604	0.432	0.004
20170801	0.199426725	0.153	0.3	18.9	1.6	4	0	0	26.5	0	0	4	0	0	0.199426725	0.395	0.004
20170802	0.181499208	0.1165	0	19.7	1.68	4.43	0	0	24.8	0	0	3.7	0	0	0.181499208	0.36	0.003
20170803	0.23421106	0.4045	11.2	19.8	2.73	6.39	0	0	32.1	1.2	0.3	4.1	0	0.03037281	0.203838251	0.465	0.003
20170804	0.202954889	0.267	1	19.7	2.71	5.81	0	0	30.2	0.1	0	4.1	0	0	0.202954889	0.403	0.003
20170805	0.810157883	1.938	35.6	16.1	2.69	4.22	0	0	56	7.2	5.2	4.5	0	0.586792716	0.223365167	1.617	0.003
20170806	0.714836537	0.905	2.8	13.7	5.07	6.21	0	0	52.9	0.8	4.2	4.9	0	0.472895878	0.241940659	1.427	0.003
20170807	0.665962689	0.5225	4.1	15.1	4.2	5.39	0	0	51.7	1.1	3.6	5.2	0	0.407116387	0.258846302	1.329	0.003
20170808	0.5612903	0.4695	1.5	15	4.87	6.51	0	0	47.9	0.4	2.5	5.6	0	0.287058093	0.274232207	1.12	0.002
20170809	0.469481193	0.3175	1.3	16.1	4.47	6.43	0	0	44.5	0.3	1.6	5.8	0	0.1812462	0.288234993	0.937	0.002
20170810	0.378260229	0.237	0.5	18.1	2.62	4.09	0	0	42.3	0.1	0.7	6.1	0	0.077281235	0.300978995	0.755	0.002
20170811	0.306979967	0.2055	0.3	18.9	3.21	5.28	0	0	39.3	0.1	0	6.2	0	0	0.306979967	0.612	0.002
20170812	0.490708342	0.423	13.7	18.5	2.11	3.28	0	0	48.2	2.7	1.5	6.4	0	0.172669458	0.318038885	0.98	0.002
20170813	0.47755007	0.397	4.1	16.4	2.38	3.34	0	0	48.9	1	1.3	6.6	0	0.149446412	0.328103658	0.954	0.001
20170814	0.390069784	0.244	0.5	16.7	3.08	4.38	0	0	46.2	0.1	0.5	6.8	0	0.052806129	0.337263656	0.779	0.001
20170815	0.76983405	0.626	19.1	17.7	3.41	4.47	0	0	56.9	5	3.7	7	0	0.424233837	0.345600213	1.538	0.001
20170816	0.646063162	0.527	1	13.4	3.34	4.06	0	0	54.3	0.3	2.6	7.2	0	0.292875808	0.353187354	1.291	0.001
20170817	0.519149325	0.2795	0	14	2.91	3.74	0	0	51.4	0	1.4	7.3	0	0.159056879	0.360092446	1.037	0.001
20170818	0.8048447	0.838	14.7	15	2	2.46	0	0	59.9	4.2	3.9	7.4	0	0.438467896	0.366376804	1.609	0.001
20170819	0.687557888	0.528	1.3	18.5	4.68	5.41	0	0	56.1	0.4	2.8	7.5	0	0.315461661	0.372096227	1.374	0.001
20170820	0.580956018	0.369	1	16.9	4.59	5.67	0	0	52.3	0.3	1.8	7.6	0	0.203654516	0.377301502	1.161	0.001
20170821	0.480135878	0.2605	0.5	18.8	3.73	4.97	0	0	48.9	0.1	0.9	7.7	0	0.098097031	0.382038847	0.96	0.001
20170822	0.531460093	0.296	6.4	20.2	3.49	4.75	0	0	50.2	1.6	1.3	7.8	0	0.145109766	0.386350327	1.062	0.001
20170823	0.439980983	0.2945	0.5	15.4	4.03	5.58	0	0	46.6	0.1	0.4	7.9	0	0.049706757	0.390274226	0.879	0.001
20170824	0.374859859	0.1945	0	13.8	3.3	4.95	0	0	43.3	0	0	7.6	0	0	0.374859859	0.749	0.001
20170825	0.341161736	0.17	0	12.4	2.45	3.94	0	0	40.8	0	0	6.9	0	0	0.341161736	0.682	0.001
20170826	0.310492914	0.1545	0	12.4	2.48	4.24	0	0	38.4	0	0	6.3	0	0	0.310492914	0.621	0
20170827	0.282581074	0.1315	0	13.2	2.8	5.09	0	0	35.6	0	0	5.7	0	0	0.282581074	0.565	0
20170828	0.257178375	0.108	0	13.8	2.76	5.42	0	0	32.8	0	0	5.2	0	0	0.257178375	0.514	0
20170829	0.234059259	0.099	0	13	1.91	4.06	0	0	30.9	0	0	4.7	0	0	0.234059259	0.468	0
20170830	0.213018442	0.089	0	13.9	2.13	4.8	0	0	28.8	0	0	4.3	0	0	0.213018442	0.426	0
20170831	0.193869094	0.086	0	11.5	1.35	3.27	0	0	27.4	0	0	3.9	0	0	0.193869094	0.387	0
20170901	0.176441182	0.087	0	7.7	2.31	5.87	0	0	25.1	0	0	3.6	0	0	0.176441182	0.353	0
20170902	0.160579957	0.0725	0	10	2.02	5.6	0	0	23.1	0	0	3.3	0	0	0.160579957	0.321	0
20170903	0.551972257	0.67	32	10.2	1.54	2.92	0	0	48.7	4.8	3.2	3.7	0	0.367172716	0.184799541	1.104	0
20170904	0.509450829	0.9305	3.8	14.7	3.51	4.88	0	0	48.1	0.9	2.7	4.2	0	0.30260893	0.206841899	1.019	0
20170905	0.758469307	1.0945	15	14.6	2.38	3.1	0	0	56.8	3.9	4.7	4.6	0	0.531566553	0.226902754	1.517	0
20170906	0.754718573	0.8615	5.6	12.8	1.9	2.26	0	0	58.8	1.7	4.5	5	0	0.50955834	0.245160233	1.509	0
20170907	0.792477094	0.7525	6.6	12.7	3.04	3.47	0	0	60.3	2.1	4.7	5.3	0	0.530700643	0.261776451	1.585	0
20170908	0.658949774	0.561	1	11.4	2.63	3.03	0	0	58.3	0.3	3.4	5.6	0	0.382050824	0.276898951	1.318	0
20170909	0.564296937	0.4915	1.5	11.4	3.86	4.57	0	0	55.5	0.5	2.4	5.9	0	0.273634928	0.290662009	1.128	0
20170910	0.480205754	0.373	1.3	11.8	2.86	3.57	0	0	53.6	0.4	1.6	6.1	0	0.177017921	0.303187833	0.96	0
20170911	0.386557365	0.274	0.3	14	3.23	4.19	0	0	50.6	0.1	0.6	6.4	0	0.07196972	0.314587646	0.773	0
20170912	0.318043686	0.22	0.3	14.8	3.44	4.74	0	0	47.4	0.1	0	6.4	0	0	0.318043686	0.636	0
20170913	0.289453067	0.184	0	16.3	3.13	4.62	0	0	44.2	0	0	5.9	0	0	0.289453067	0.579	0
20170914	0.263432609	0.175	0	16.5	1.8	2.84	0	0	42.4	0	0	5.3	0	0	0.263432609	0.527	0
20170915	0.239751267	0.154	0	19.5	2.37	3.9	0	0	40.1	0	0	4.9	0	0	0.239751267	0.479	0
20170916	0.218198765	0.1375	0	19.2	2.39	4.17	0	0	37.7	0	0	4.4	0	0	0.218198765	0.436	0
20170917	0.198583731	0.1285	0	18.3	2.18	4.05	0	0	35.5	0	0	4	0	0	0.198583731	0.397	0
20170918	0.180731996	0.118	0	19.6	1.27	2.5	0	0	34.2	0	0	3.7	0	0	0.180731996	0.361	0
20170919	0.164485046	0.1085	0	18.2	0.81	1.65	0	0	33.4	0	0	3.3	0	0	0.164485046	0.329	0
20170920	0.149698621	0.1005	0	18.3	1.95	4.07	0	0	31.5	0	0	3	0	0	0.149698621	0.299	0
20170921	0.13782055	0.083	0.3	17.6	2.25	4.97	0	0	29.5	0	0	2.8	0	0	0.13782055	0.276	0
20170922	0.125431137	0.0655	0	16.6	1.75	4.13	0	0	27.7	0	0	2.5	0	0	0.125431137	0.251	0
20170923	0.114155472	0.0625	0	17.7	1.44	3.62	0	0	26.3	0	0	2.3	0	0	0.114155472	0.228	0
20170924	0.103893437	0.059	0	21.6	1.55	4.12	0	0	24.7	0	0	2.1	0	0	0.103893437	0.208	0
20170925	0.09455391	0.0595	0	22.5	1.62	4.57	0	0	23.1	0	0	1.9	0	0	0.09455391	0.189	0
20170926	0.086053962	0.0735	0	22.2	1.3	3.92	0	0	21.8	0	0	1.7	0	0	0.086053962	0.172	0
20170927	0.084545215	0.0605	2	22.1	1.24	3.79	0	0	22.4	0.1	0	1.7	0	0	0.084545215	0.169	0
20170928	0.081765893	0.0705	1.5	13	1.47	4.44	0	0	22.4	0.1	0	1.7	0	0	0.081765893	0.164	0
20170929	0.074415527	0.0665	0	8.1	1.35	4.22	0	0	21	0	0	1.5	0	0	0.074415527	0.149	0
20170930	0.068579685	0.0735	0.3	6.8	0.56	1.84	0	0	20.7	0	0	1.4	0	0	0.068579685	0.137	0